[1.22124533e-15 1.77635684e-15 1.88737914e-15]
[1.38777878e-15 1.99840144e-15 1.44328993e-15]
[9.43689571e-16 1.77635684e-15 2.10942375e-15]
[8.88178420e-16 1.77635684e-15 2.10942375e-15]
[-3.33066907e-16  1.44328993e-15  1.99840144e-15]
[1.11022302e-16 1.55431223e-15 2.77555756e-15]
[9.43689571e-16 1.99840144e-15 2.44249065e-15]
[3.33066907e-16 2.22044605e-15 2.55351296e-15]
[2.22044605e-16 1.77635684e-15 2.77555756e-15]
[2.77555756e-16 1.99840144e-15 3.44169138e-15]
[-2.77555756e-16  1.99840144e-15  2.99760217e-15]
[-1.66533454e-16  1.44328993e-15  2.66453526e-15]
[-1.11022302e-16  1.55431223e-15  2.33146835e-15]
[-1.11022302e-16  1.66533454e-15  2.33146835e-15]
[4.99600361e-16 2.22044605e-15 2.55351296e-15]
[3.33066907e-16 2.22044605e-15 1.77635684e-15]
[8.88178420e-16 2.55351296e-15 2.10942375e-15]
[1.11022302e-15 2.33146835e-15 1.77635684e-15]
[1.33226763e-15 2.66453526e-15 9.99200722e-16]
[1.44328993e-15 2.33146835e-15 8.88178420e-16]
[1.22124533e-15 2.66453526e-15 9.99200722e-16]
[1.05471187e-15 2.77555756e-15 6.66133815e-16]
[9.99200722e-16 2.77555756e-15 9.99200722e-16]
[7.77156117e-16 2.99760217e-15 4.44089210e-16]
[1.49880108e-15 2.44249065e-15 1.11022302e-16]
[2.27595720e-15 2.55351296e-15 3.33066907e-16]
[1.72084569e-15 2.66453526e-15 9.99200722e-16]
[1.16573418e-15 2.22044605e-15 8.88178420e-16]
[1.22124533e-15 3.10862447e-15 1.44328993e-15]
[1.72084569e-15 2.99760217e-15 1.77635684e-15]
[1.66533454e-15 3.10862447e-15 1.44328993e-15]
[1.83186799e-15 2.55351296e-15 1.22124533e-15]
[1.72084569e-15 3.66373598e-15 9.99200722e-16]
[2.05391260e-15 3.66373598e-15 1.44328993e-15]
[1.83186799e-15 3.21964677e-15 1.77635684e-15]
[1.77635684e-15 3.88578059e-15 1.77635684e-15]
[1.88737914e-15 3.77475828e-15 2.33146835e-15]
[2.49800181e-15 3.66373598e-15 2.22044605e-15]
[2.16493490e-15 3.99680289e-15 1.99840144e-15]
[1.77635684e-15 3.21964677e-15 1.77635684e-15]
[2.16493490e-15 3.10862447e-15 2.33146835e-15]
[2.38697950e-15 3.21964677e-15 1.55431223e-15]
[1.88737914e-15 3.55271368e-15 1.66533454e-15]
[2.10942375e-15 3.21964677e-15 1.33226763e-15]
[1.66533454e-15 3.10862447e-15 8.88178420e-16]
[2.10942375e-15 3.55271368e-15 1.11022302e-16]
[1.94289029e-15 3.44169138e-15 0.00000000e+00]
[ 1.99840144e-15  3.44169138e-15 -2.22044605e-16]
[2.77555756e-15 3.66373598e-15 1.11022302e-16]
[ 1.94289029e-15  3.21964677e-15 -1.11022302e-16]
[2.33146835e-15 3.66373598e-15 3.33066907e-16]
[3.16413562e-15 3.10862447e-15 6.66133815e-16]
[2.77555756e-15 3.21964677e-15 9.99200722e-16]
[2.66453526e-15 2.44249065e-15 3.33066907e-16]
[2.27595720e-15 3.10862447e-15 8.88178420e-16]
[1.55431223e-15 2.88657986e-15 1.99840144e-15]
[2.33146835e-15 2.88657986e-15 7.77156117e-16]
[2.27595720e-15 1.99840144e-15 7.77156117e-16]
[3.16413562e-15 1.22124533e-15 2.22044605e-16]
[ 2.99760217e-15  8.88178420e-16 -1.11022302e-16]
[2.55351296e-15 9.99200722e-16 2.22044605e-16]
[ 2.55351296e-15  1.33226763e-15 -7.77156117e-16]
[ 2.16493490e-15  9.99200722e-16 -2.22044605e-16]
[ 2.44249065e-15  4.44089210e-16 -4.44089210e-16]
[ 2.05391260e-15  8.88178420e-16 -2.22044605e-16]
[ 2.16493490e-15  1.11022302e-16 -1.33226763e-15]
[ 2.83106871e-15  1.11022302e-16 -1.11022302e-15]
[ 2.55351296e-15 -5.55111512e-16 -8.88178420e-16]
[ 2.49800181e-15 -4.44089210e-16 -8.88178420e-16]
[ 3.16413562e-15 -9.99200722e-16 -9.99200722e-16]
[ 2.60902411e-15 -5.55111512e-16 -1.44328993e-15]
[ 3.27515792e-15 -3.33066907e-16 -7.77156117e-16]
[ 2.88657986e-15 -3.33066907e-16 -4.44089210e-16]
[ 2.88657986e-15 -6.66133815e-16 -8.88178420e-16]
[ 2.49800181e-15 -5.55111512e-16 -1.55431223e-15]
[ 2.10942375e-15 -7.77156117e-16 -9.99200722e-16]
[ 1.88737914e-15 -1.11022302e-16 -8.88178420e-16]
[ 2.16493490e-15  0.00000000e+00 -6.66133815e-16]
[ 2.22044605e-15 -1.11022302e-16 -7.77156117e-16]
[ 1.77635684e-15 -4.44089210e-16 -6.66133815e-16]
[ 1.99840144e-15 -5.55111512e-16  2.22044605e-16]
[ 2.22044605e-15 -8.88178420e-16  1.11022302e-16]
[ 2.72004641e-15 -6.66133815e-16  3.33066907e-16]
[ 2.83106871e-15 -9.99200722e-16  2.22044605e-16]
[ 4.10782519e-15 -9.99200722e-16  2.22044605e-16]
[ 3.83026943e-15 -7.77156117e-16  0.00000000e+00]
[ 4.32986980e-15 -6.66133815e-16 -2.22044605e-16]
[ 4.16333634e-15 -1.22124533e-15 -6.66133815e-16]
[ 4.38538095e-15 -1.22124533e-15 -1.11022302e-15]
[ 5.66213743e-15 -9.99200722e-16 -1.77635684e-15]
[ 4.99600361e-15 -1.66533454e-15 -1.99840144e-15]
[ 4.88498131e-15 -1.22124533e-15 -2.22044605e-15]
[ 5.16253706e-15 -1.33226763e-15 -3.33066907e-15]
[ 4.49640325e-15 -1.44328993e-15 -2.77555756e-15]
[ 4.66293670e-15 -2.33146835e-15 -3.55271368e-15]
[ 5.10702591e-15 -2.10942375e-15 -3.21964677e-15]
[ 4.55191440e-15 -2.10942375e-15 -3.55271368e-15]
[ 5.10702591e-15 -1.99840144e-15 -4.10782519e-15]
[ 4.10782519e-15 -1.44328993e-15 -4.10782519e-15]
[ 4.32986980e-15 -1.55431223e-15 -4.88498131e-15]
[ 3.44169138e-15 -2.44249065e-15 -5.77315973e-15]
[ 3.21964677e-15 -2.88657986e-15 -5.32907052e-15]
[ 2.33146835e-15 -2.88657986e-15 -5.10702591e-15]
[ 2.55351296e-15 -2.22044605e-15 -5.32907052e-15]
[ 2.72004641e-15 -1.99840144e-15 -5.55111512e-15]
[ 3.16413562e-15 -1.77635684e-15 -4.66293670e-15]
[ 3.49720253e-15 -1.77635684e-15 -5.77315973e-15]
[ 3.05311332e-15 -1.99840144e-15 -5.55111512e-15]
[ 4.05231404e-15 -1.88737914e-15 -5.99520433e-15]
[ 4.16333634e-15 -2.10942375e-15 -5.99520433e-15]
[ 3.88578059e-15 -1.55431223e-15 -6.43929354e-15]
[ 3.60822483e-15 -1.99840144e-15 -6.21724894e-15]
[ 3.33066907e-15 -1.11022302e-15 -5.32907052e-15]
[ 3.77475828e-15 -1.11022302e-15 -5.99520433e-15]
[ 4.71844785e-15 -5.55111512e-16 -5.55111512e-15]
[ 5.10702591e-15 -3.33066907e-16 -4.66293670e-15]
[ 4.94049246e-15 -4.44089210e-16 -4.88498131e-15]
[ 3.71924713e-15 -7.77156117e-16 -3.77475828e-15]
[ 4.16333634e-15 -7.77156117e-16 -3.77475828e-15]
[ 3.99680289e-15 -9.99200722e-16 -3.10862447e-15]
[ 3.44169138e-15 -1.11022302e-15 -3.10862447e-15]
[ 3.49720253e-15 -1.11022302e-15 -2.44249065e-15]
[ 3.27515792e-15 -7.77156117e-16 -2.88657986e-15]
[ 2.72004641e-15 -1.11022302e-15 -2.88657986e-15]
[ 3.27515792e-15 -1.88737914e-15 -3.10862447e-15]
[ 3.33066907e-15 -7.77156117e-16 -3.10862447e-15]
[ 3.33066907e-15 -9.99200722e-16 -2.22044605e-15]
[ 2.88657986e-15 -1.22124533e-15 -3.33066907e-15]
[ 3.55271368e-15 -1.33226763e-15 -2.88657986e-15]
[ 3.66373598e-15 -1.99840144e-15 -2.44249065e-15]
[ 3.38618023e-15 -1.55431223e-15 -2.22044605e-15]
[ 3.38618023e-15 -2.10942375e-15 -2.22044605e-15]
[ 3.88578059e-15 -1.22124533e-15 -1.33226763e-15]
[ 3.55271368e-15 -1.55431223e-15 -2.44249065e-15]
[ 3.77475828e-15 -1.33226763e-15 -1.99840144e-15]
[ 4.05231404e-15 -1.11022302e-15 -2.88657986e-15]
[ 4.27435864e-15 -1.11022302e-15 -1.77635684e-15]
[ 4.82947016e-15 -9.99200722e-16 -1.55431223e-15]
[ 4.88498131e-15 -9.99200722e-16 -1.55431223e-15]
[ 4.88498131e-15 -1.33226763e-15 -1.33226763e-15]
[ 4.99600361e-15 -1.88737914e-15 -1.77635684e-15]
[ 4.82947016e-15 -1.88737914e-15 -1.55431223e-15]
[ 5.16253706e-15 -1.77635684e-15 -1.33226763e-15]
[ 6.05071548e-15 -2.10942375e-15 -1.77635684e-15]
[ 5.44009282e-15 -1.66533454e-15 -2.22044605e-15]
[ 5.82867088e-15 -1.88737914e-15 -1.77635684e-15]
[ 5.93969318e-15 -2.10942375e-15 -2.66453526e-15]
[ 5.77315973e-15 -1.99840144e-15 -2.88657986e-15]
[ 5.88418203e-15 -1.77635684e-15 -3.10862447e-15]
[ 6.16173779e-15 -2.55351296e-15 -2.88657986e-15]
[ 6.43929354e-15 -3.21964677e-15 -2.88657986e-15]
[ 5.77315973e-15 -2.77555756e-15 -2.88657986e-15]
[ 6.55031585e-15 -3.10862447e-15 -3.55271368e-15]
[ 6.71684930e-15 -3.10862447e-15 -3.55271368e-15]
[ 6.71684930e-15 -3.10862447e-15 -3.77475828e-15]
[ 5.60662627e-15 -2.44249065e-15 -4.21884749e-15]
[ 5.32907052e-15 -1.66533454e-15 -4.21884749e-15]
[ 5.99520433e-15 -2.88657986e-15 -4.88498131e-15]
[ 5.66213743e-15 -2.44249065e-15 -4.44089210e-15]
[ 6.16173779e-15 -2.88657986e-15 -4.44089210e-15]
[ 6.49480469e-15 -2.44249065e-15 -3.99680289e-15]
[ 5.71764858e-15 -2.33146835e-15 -3.33066907e-15]
[ 5.55111512e-15 -2.55351296e-15 -2.88657986e-15]
[ 4.99600361e-15 -2.22044605e-15 -3.10862447e-15]
[ 5.05151476e-15 -2.55351296e-15 -2.22044605e-15]
[ 5.77315973e-15 -2.77555756e-15 -2.66453526e-15]
[ 5.10702591e-15 -2.55351296e-15 -2.66453526e-15]
[ 4.82947016e-15 -1.99840144e-15 -2.22044605e-15]
[ 4.27435864e-15 -1.66533454e-15 -2.22044605e-15]
[ 4.44089210e-15 -1.44328993e-15 -2.22044605e-15]
[ 4.32986980e-15 -1.66533454e-15 -2.22044605e-15]
[ 4.32986980e-15 -1.88737914e-15 -1.55431223e-15]
[ 6.21724894e-15 -2.22044605e-15 -1.77635684e-15]
[ 5.66213743e-15 -1.88737914e-15 -6.66133815e-16]
[ 5.38458167e-15 -2.44249065e-15 -2.22044605e-16]
[ 5.44009282e-15 -1.55431223e-15 -6.66133815e-16]
[ 4.82947016e-15 -1.33226763e-15 -8.88178420e-16]
[ 4.99600361e-15 -1.55431223e-15 -8.88178420e-16]
[ 4.55191440e-15 -1.22124533e-15 -1.33226763e-15]
[ 3.94129174e-15 -9.99200722e-16 -1.55431223e-15]
[ 4.44089210e-15 -1.33226763e-15 -8.88178420e-16]
[ 5.49560397e-15 -2.22044605e-16 -1.11022302e-15]
[ 4.66293670e-15 -2.22044605e-16 -1.99840144e-15]
[ 6.43929354e-15 -4.44089210e-16 -1.77635684e-15]
[ 6.16173779e-15 -1.11022302e-16 -1.55431223e-15]
[ 5.99520433e-15 -9.99200722e-16 -2.22044605e-15]
[ 4.82947016e-15 -8.88178420e-16 -2.88657986e-15]
[ 5.49560397e-15 -1.44328993e-15 -3.33066907e-15]
[ 5.99520433e-15 -1.66533454e-15 -2.88657986e-15]
[ 5.10702591e-15 -9.99200722e-16 -3.33066907e-15]
[ 5.21804822e-15 -5.55111512e-16 -3.55271368e-15]
[ 5.88418203e-15 -1.44328993e-15 -3.10862447e-15]
[ 4.60742555e-15 -5.55111512e-16 -2.66453526e-15]
[ 4.21884749e-15 -1.22124533e-15 -2.88657986e-15]
[ 4.66293670e-15 -5.55111512e-16 -1.99840144e-15]
[ 5.10702591e-15  4.44089210e-16 -1.99840144e-15]
[ 4.94049246e-15 -2.22044605e-16 -1.99840144e-15]
[ 4.71844785e-15 -1.11022302e-16 -2.66453526e-15]
[ 5.27355937e-15  2.22044605e-16 -2.66453526e-15]
[ 4.88498131e-15 -7.77156117e-16 -2.88657986e-15]
[ 4.38538095e-15 -5.55111512e-16 -3.33066907e-15]
[ 4.49640325e-15 -4.44089210e-16 -2.66453526e-15]
[ 5.27355937e-15 -2.22044605e-16 -2.44249065e-15]
[ 3.44169138e-15 -3.33066907e-16 -2.66453526e-15]
[ 4.16333634e-15 -1.22124533e-15 -2.44249065e-15]
[ 4.82947016e-15 -4.44089210e-16 -3.33066907e-15]
[ 4.05231404e-15 -5.55111512e-16 -3.77475828e-15]
[ 3.66373598e-15 -5.55111512e-16 -2.66453526e-15]
[ 4.21884749e-15 -4.44089210e-16 -3.10862447e-15]
[ 3.55271368e-15  0.00000000e+00 -3.55271368e-15]
[ 3.60822483e-15  3.33066907e-16 -3.77475828e-15]
[ 3.83026943e-15  4.44089210e-16 -3.55271368e-15]
[ 3.83026943e-15  3.33066907e-16 -3.77475828e-15]
[ 3.10862447e-15 -3.33066907e-16 -4.66293670e-15]
[ 3.16413562e-15  0.00000000e+00 -4.21884749e-15]
[ 3.94129174e-15  4.44089210e-16 -4.44089210e-15]
[ 2.88657986e-15  6.66133815e-16 -4.21884749e-15]
[ 3.55271368e-15  5.55111512e-16 -5.10702591e-15]
[ 2.66453526e-15  4.44089210e-16 -5.55111512e-15]
[ 3.27515792e-15  1.22124533e-15 -5.10702591e-15]
[ 2.22044605e-15  7.77156117e-16 -5.77315973e-15]
[ 2.94209102e-15  3.33066907e-16 -5.77315973e-15]
[ 2.72004641e-15  5.55111512e-16 -6.43929354e-15]
[ 2.72004641e-15  5.55111512e-16 -6.21724894e-15]
[ 2.44249065e-15  5.55111512e-16 -6.43929354e-15]
[ 3.27515792e-15  5.55111512e-16 -6.66133815e-15]
[ 2.72004641e-15  7.77156117e-16 -6.43929354e-15]
[ 2.94209102e-15  0.00000000e+00 -6.88338275e-15]
[ 3.44169138e-15 -1.11022302e-15 -7.32747196e-15]
[ 2.99760217e-15 -9.99200722e-16 -7.54951657e-15]
[ 3.05311332e-15 -4.44089210e-16 -7.32747196e-15]
[ 2.94209102e-15 -4.44089210e-16 -6.88338275e-15]
[ 2.55351296e-15  0.00000000e+00 -6.66133815e-15]
[ 2.33146835e-15  1.11022302e-16 -7.10542736e-15]
[ 2.94209102e-15 -1.11022302e-16 -7.54951657e-15]
[ 2.44249065e-15  7.77156117e-16 -7.10542736e-15]
[ 3.99680289e-15  1.11022302e-16 -6.43929354e-15]
[ 4.21884749e-15  1.11022302e-16 -5.77315973e-15]
[ 3.05311332e-15  4.44089210e-16 -7.10542736e-15]
[ 3.10862447e-15  0.00000000e+00 -7.32747196e-15]
[ 3.10862447e-15 -3.33066907e-16 -6.21724894e-15]
[ 3.44169138e-15  1.11022302e-15 -5.77315973e-15]
[ 3.83026943e-15 -1.11022302e-16 -7.32747196e-15]
[ 2.38697950e-15  3.33066907e-16 -8.21565038e-15]
[ 3.33066907e-15  3.33066907e-16 -7.99360578e-15]
[ 2.33146835e-15 -9.99200722e-16 -9.32587341e-15]
[ 2.44249065e-15 -1.11022302e-15 -8.88178420e-15]
[ 2.94209102e-15 -3.33066907e-16 -8.21565038e-15]
[ 2.33146835e-15 -4.44089210e-16 -8.43769499e-15]
[ 3.88578059e-15 -4.44089210e-16 -7.99360578e-15]
[ 3.99680289e-15 -1.99840144e-15 -7.54951657e-15]
[ 3.49720253e-15 -2.55351296e-15 -7.32747196e-15]
[ 2.94209102e-15 -1.22124533e-15 -7.99360578e-15]
[ 4.44089210e-15 -1.44328993e-15 -8.88178420e-15]
[ 4.21884749e-15 -6.66133815e-16 -8.43769499e-15]
[ 4.38538095e-15 -8.88178420e-16 -8.43769499e-15]
[ 4.16333634e-15 -8.88178420e-16 -9.10382880e-15]
[ 3.60822483e-15 -4.44089210e-16 -8.21565038e-15]
[ 3.27515792e-15 -1.66533454e-15 -8.21565038e-15]
[ 4.44089210e-15 -1.22124533e-15 -8.43769499e-15]
[ 4.32986980e-15 -1.66533454e-15 -7.77156117e-15]
[ 4.38538095e-15 -1.77635684e-15 -8.21565038e-15]
[ 4.88498131e-15 -2.44249065e-15 -7.77156117e-15]
[ 6.05071548e-15 -2.33146835e-15 -8.43769499e-15]
[ 5.99520433e-15 -1.66533454e-15 -7.10542736e-15]
[ 5.55111512e-15 -2.10942375e-15 -8.21565038e-15]
[ 5.77315973e-15 -2.33146835e-15 -7.99360578e-15]
[ 6.82787160e-15 -9.99200722e-16 -8.65973959e-15]
[ 6.55031585e-15 -1.22124533e-15 -9.76996262e-15]
[ 6.55031585e-15 -4.44089210e-16 -9.32587341e-15]
[ 6.93889390e-15 -4.44089210e-16 -9.54791801e-15]
[ 6.99440506e-15  4.44089210e-16 -9.10382880e-15]
[ 8.21565038e-15  4.44089210e-16 -8.21565038e-15]
[ 8.43769499e-15 -1.11022302e-16 -9.10382880e-15]
[ 7.10542736e-15  6.66133815e-16 -8.21565038e-15]
[ 7.77156117e-15  4.44089210e-16 -8.21565038e-15]
[ 7.99360578e-15 -4.44089210e-16 -8.88178420e-15]
[ 7.54951657e-15 -4.44089210e-16 -1.02140518e-14]
[ 6.99440506e-15 -9.99200722e-16 -9.32587341e-15]
[ 6.99440506e-15 -1.22124533e-15 -9.32587341e-15]
[ 7.10542736e-15 -2.99760217e-15 -9.99200722e-15]
[ 7.32747196e-15 -2.44249065e-15 -1.06581410e-14]
[ 7.21644966e-15 -1.77635684e-15 -9.76996262e-15]
[ 7.54951657e-15 -3.10862447e-15 -9.10382880e-15]
[ 8.10462808e-15 -2.99760217e-15 -9.10382880e-15]
[ 8.21565038e-15 -2.44249065e-15 -8.88178420e-15]
[ 6.88338275e-15 -2.33146835e-15 -8.43769499e-15]
[ 8.21565038e-15 -1.77635684e-15 -6.66133815e-15]
[ 7.10542736e-15 -1.44328993e-15 -6.21724894e-15]
[ 6.21724894e-15 -2.22044605e-15 -6.66133815e-15]
[ 6.10622664e-15 -5.55111512e-16 -5.32907052e-15]
[ 5.10702591e-15 -5.55111512e-16 -6.21724894e-15]
[ 5.77315973e-15 -1.44328993e-15 -6.21724894e-15]
[ 5.99520433e-15 -1.44328993e-15 -6.43929354e-15]
[ 6.32827124e-15 -1.33226763e-15 -5.32907052e-15]
[ 5.88418203e-15 -1.66533454e-15 -5.10702591e-15]
[ 6.21724894e-15 -2.10942375e-15 -4.88498131e-15]
[ 6.66133815e-15 -1.44328993e-15 -5.32907052e-15]
[ 6.32827124e-15 -1.55431223e-15 -5.10702591e-15]
[ 6.10622664e-15 -1.99840144e-15 -3.33066907e-15]
[ 5.77315973e-15 -2.10942375e-15 -3.10862447e-15]
[ 6.32827124e-15 -3.33066907e-15 -3.77475828e-15]
[ 6.10622664e-15 -2.10942375e-15 -2.88657986e-15]
[ 5.88418203e-15 -2.10942375e-15 -2.66453526e-15]
[ 6.21724894e-15 -2.99760217e-15 -2.44249065e-15]
[ 6.10622664e-15 -2.66453526e-15 -1.77635684e-15]
[ 5.99520433e-15 -4.21884749e-15 -1.99840144e-15]
[ 5.55111512e-15 -3.88578059e-15 -1.99840144e-15]
[ 5.66213743e-15 -3.44169138e-15 -2.22044605e-15]
[ 5.10702591e-15 -3.21964677e-15 -3.10862447e-15]
[ 4.44089210e-15 -3.66373598e-15 -2.88657986e-15]
[ 5.99520433e-15 -3.44169138e-15 -1.77635684e-15]
[ 6.66133815e-15 -3.55271368e-15 -1.55431223e-15]
[ 5.99520433e-15 -3.10862447e-15 -1.55431223e-15]
[ 5.32907052e-15 -4.32986980e-15 -1.33226763e-15]
[ 5.55111512e-15 -3.55271368e-15 -1.77635684e-15]
[ 4.77395901e-15 -3.99680289e-15 -2.22044605e-15]
[ 4.88498131e-15 -3.44169138e-15 -1.33226763e-15]
[ 4.44089210e-15 -3.33066907e-15 -1.55431223e-15]
[ 5.10702591e-15 -3.33066907e-15 -1.99840144e-15]
[ 5.77315973e-15 -4.88498131e-15 -2.88657986e-15]
[ 5.99520433e-15 -5.44009282e-15 -2.88657986e-15]
[ 5.99520433e-15 -5.66213743e-15 -2.88657986e-15]
[ 4.99600361e-15 -4.77395901e-15 -3.55271368e-15]
[ 5.77315973e-15 -4.10782519e-15 -3.99680289e-15]
[ 5.77315973e-15 -4.88498131e-15 -3.55271368e-15]
[ 5.77315973e-15 -5.10702591e-15 -3.99680289e-15]
[ 5.88418203e-15 -5.10702591e-15 -4.88498131e-15]
[ 4.66293670e-15 -4.21884749e-15 -5.32907052e-15]
[ 3.33066907e-15 -5.66213743e-15 -5.10702591e-15]
[ 4.55191440e-15 -5.21804822e-15 -5.32907052e-15]
[ 4.21884749e-15 -5.21804822e-15 -3.77475828e-15]
[ 2.99760217e-15 -4.32986980e-15 -5.99520433e-15]
[ 3.55271368e-15 -3.44169138e-15 -5.55111512e-15]
[ 4.10782519e-15 -4.99600361e-15 -5.99520433e-15]
[ 4.44089210e-15 -4.77395901e-15 -4.66293670e-15]
[ 4.77395901e-15 -4.77395901e-15 -3.77475828e-15]
[ 4.77395901e-15 -3.88578059e-15 -3.77475828e-15]
[ 4.44089210e-15 -4.21884749e-15 -3.33066907e-15]
[ 4.44089210e-15 -3.33066907e-15 -3.55271368e-15]
[ 3.99680289e-15 -3.88578059e-15 -3.55271368e-15]
[ 5.32907052e-15 -3.10862447e-15 -3.33066907e-15]
[ 5.55111512e-15 -4.66293670e-15 -3.33066907e-15]
[ 5.77315973e-15 -3.99680289e-15 -3.33066907e-15]
[ 5.21804822e-15 -3.77475828e-15 -3.33066907e-15]
[ 4.10782519e-15 -4.10782519e-15 -3.10862447e-15]
[ 4.55191440e-15 -3.10862447e-15 -2.88657986e-15]
[ 4.88498131e-15 -3.55271368e-15 -3.77475828e-15]
[ 5.21804822e-15 -3.66373598e-15 -4.21884749e-15]
[ 4.10782519e-15 -3.21964677e-15 -4.44089210e-15]
[ 4.55191440e-15 -2.44249065e-15 -4.21884749e-15]
[ 5.44009282e-15 -3.66373598e-15 -4.88498131e-15]
[ 5.99520433e-15 -3.88578059e-15 -4.21884749e-15]
[ 7.10542736e-15 -4.21884749e-15 -4.66293670e-15]
[ 5.44009282e-15 -4.21884749e-15 -5.10702591e-15]
[ 7.99360578e-15 -3.77475828e-15 -5.32907052e-15]
[ 7.10542736e-15 -3.99680289e-15 -4.88498131e-15]
[ 5.55111512e-15 -3.55271368e-15 -5.10702591e-15]
[ 7.77156117e-15 -3.44169138e-15 -5.99520433e-15]
[ 6.10622664e-15 -3.99680289e-15 -4.44089210e-15]
[ 5.99520433e-15 -3.88578059e-15 -5.55111512e-15]
[ 5.55111512e-15 -4.44089210e-15 -4.88498131e-15]
[ 7.54951657e-15 -5.88418203e-15 -5.10702591e-15]
[ 5.55111512e-15 -6.66133815e-15 -6.21724894e-15]
[ 4.99600361e-15 -6.21724894e-15 -5.55111512e-15]
[ 6.21724894e-15 -6.21724894e-15 -4.66293670e-15]
[ 3.88578059e-15 -5.88418203e-15 -5.55111512e-15]
[ 5.77315973e-15 -5.55111512e-15 -4.44089210e-15]
[ 4.77395901e-15 -4.99600361e-15 -4.44089210e-15]
[ 4.44089210e-15 -5.44009282e-15 -4.66293670e-15]
[ 4.55191440e-15 -5.99520433e-15 -3.77475828e-15]
[ 4.55191440e-15 -4.99600361e-15 -3.99680289e-15]
[ 4.99600361e-15 -4.66293670e-15 -3.10862447e-15]
[ 5.44009282e-15 -3.88578059e-15 -3.77475828e-15]
[ 6.88338275e-15 -3.88578059e-15 -4.44089210e-15]
[ 4.10782519e-15 -2.55351296e-15 -4.66293670e-15]
[ 6.66133815e-15 -3.44169138e-15 -5.32907052e-15]
[ 5.44009282e-15 -3.66373598e-15 -4.88498131e-15]
[ 5.44009282e-15 -3.21964677e-15 -3.77475828e-15]
[ 4.77395901e-15 -2.99760217e-15 -4.88498131e-15]
[ 4.55191440e-15 -3.21964677e-15 -5.55111512e-15]
[ 5.55111512e-15 -2.10942375e-15 -4.21884749e-15]
[ 4.99600361e-15 -1.88737914e-15 -3.33066907e-15]
[ 4.10782519e-15 -7.77156117e-16 -3.33066907e-15]
[ 4.55191440e-15 -7.77156117e-16 -3.77475828e-15]
[ 5.77315973e-15 -1.33226763e-15 -3.55271368e-15]
[ 4.44089210e-15 -2.22044605e-15 -1.55431223e-15]
[ 2.44249065e-15 -1.88737914e-15 -1.11022302e-15]
[ 6.10622664e-15 -2.66453526e-15 -1.11022302e-15]
[ 6.88338275e-15 -2.10942375e-15 -1.33226763e-15]
[ 7.43849426e-15 -1.33226763e-15 -1.11022302e-15]
[ 7.66053887e-15 -4.44089210e-16 -2.22044605e-15]
[ 7.99360578e-15 -1.55431223e-15 -8.88178420e-16]
[ 5.66213743e-15 -2.66453526e-15 -6.66133815e-16]
[ 1.04360964e-14 -2.22044605e-15 -6.66133815e-16]
[ 7.99360578e-15 -6.66133815e-16  0.00000000e+00]
[ 7.99360578e-15 -1.77635684e-15  8.88178420e-16]
[ 7.32747196e-15 -2.22044605e-15  1.99840144e-15]
[ 7.99360578e-15 -6.66133815e-16  4.44089210e-16]
[8.88178420e-15 6.66133815e-16 6.66133815e-16]
[5.66213743e-15 2.22044605e-16 2.22044605e-16]
[ 6.99440506e-15  6.66133815e-16 -8.88178420e-16]
[ 8.54871729e-15 -1.11022302e-15 -6.66133815e-16]
[ 8.88178420e-15 -1.55431223e-15  0.00000000e+00]
[ 5.99520433e-15 -8.88178420e-16  8.88178420e-16]
[ 6.77236045e-15 -1.11022302e-15 -2.22044605e-16]
[ 1.15463195e-14 -8.88178420e-16  1.11022302e-15]
[ 8.8817842e-15 -8.8817842e-16  8.8817842e-16]
[ 8.99280650e-15 -1.55431223e-15  6.66133815e-16]
[ 1.11022302e-14 -1.33226763e-15 -8.88178420e-16]
[ 1.04360964e-14 -2.22044605e-15 -2.22044605e-16]
[ 7.88258347e-15 -2.44249065e-15 -4.44089210e-16]
[ 6.99440506e-15 -2.44249065e-15  4.44089210e-16]
[ 1.05471187e-14 -2.88657986e-15 -2.22044605e-16]
[ 1.07691633e-14 -3.10862447e-15 -2.22044605e-15]
[ 1.01030295e-14 -4.44089210e-15 -2.22044605e-16]
[ 9.88098492e-15 -3.99680289e-15 -1.33226763e-15]
[ 9.99200722e-15 -3.77475828e-15  2.44249065e-15]
[ 9.88098492e-15 -4.88498131e-15  2.44249065e-15]
[ 8.21565038e-15 -4.21884749e-15  1.99840144e-15]
[ 7.99360578e-15 -3.99680289e-15 -4.44089210e-16]
[ 1.01030295e-14 -5.10702591e-15  8.88178420e-16]
[ 1.24344979e-14 -3.99680289e-15  6.66133815e-16]
[ 9.21485110e-15 -3.77475828e-15  8.88178420e-16]
[ 9.32587341e-15 -5.10702591e-15 -2.22044605e-16]
[ 9.76996262e-15 -3.33066907e-15 -6.66133815e-16]
[ 1.01030295e-14 -4.66293670e-15 -4.44089210e-16]
[ 1.02140518e-14 -3.55271368e-15 -6.66133815e-16]
[ 1.05471187e-14 -3.77475828e-15 -6.66133815e-16]
[ 8.21565038e-15 -5.55111512e-15  6.66133815e-16]
[ 7.43849426e-15 -5.10702591e-15 -1.11022302e-15]
[ 1.11022302e-14 -5.55111512e-15 -2.22044605e-16]
[ 1.07691633e-14 -5.77315973e-15 -6.66133815e-16]
[ 8.77076189e-15 -7.10542736e-15 -8.88178420e-16]
[ 1.19904087e-14 -8.65973959e-15 -8.88178420e-16]
[ 9.76996262e-15 -7.54951657e-15 -4.44089210e-16]
[ 8.21565038e-15 -7.77156117e-15 -1.11022302e-15]
[ 8.65973959e-15 -8.65973959e-15 -1.11022302e-15]
[ 9.32587341e-15 -8.88178420e-15  0.00000000e+00]
[ 1.07691633e-14 -9.54791801e-15 -4.44089210e-16]
[ 1.12132525e-14 -1.08801856e-14 -6.66133815e-16]
[ 1.15463195e-14 -8.65973959e-15 -4.44089210e-16]
[ 8.77076189e-15 -1.06581410e-14 -1.77635684e-15]
[ 1.11022302e-14 -9.54791801e-15  0.00000000e+00]
[ 1.16573418e-14 -9.32587341e-15 -1.99840144e-15]
[ 1.24344979e-14 -9.32587341e-15 -4.44089210e-16]
[ 1.34336986e-14 -9.54791801e-15 -2.22044605e-16]
[ 1.03250741e-14 -8.43769499e-15  0.00000000e+00]
[ 1.31006317e-14 -8.65973959e-15  0.00000000e+00]
[ 1.42108547e-14 -9.76996262e-15 -4.44089210e-16]
[ 1.28785871e-14 -9.32587341e-15 -1.11022302e-15]
[ 1.11022302e-14 -9.32587341e-15  0.00000000e+00]
[ 1.34336986e-14 -8.21565038e-15  6.66133815e-16]
[ 1.14352972e-14 -7.10542736e-15 -4.44089210e-16]
[ 1.23234756e-14 -8.21565038e-15  1.55431223e-15]
[ 1.03250741e-14 -8.43769499e-15  1.11022302e-15]
[ 9.88098492e-15 -9.54791801e-15  1.99840144e-15]
[ 1.64313008e-14 -8.65973959e-15  2.22044605e-16]
[ 7.99360578e-15 -8.65973959e-15  1.11022302e-15]
[ 9.65894031e-15 -7.32747196e-15  8.88178420e-16]
[ 1.65423231e-14 -8.88178420e-15  8.88178420e-16]
[ 9.99200722e-15 -7.77156117e-15  0.00000000e+00]
[ 1.53210777e-14 -9.32587341e-15  4.44089210e-16]
[ 1.22124533e-14 -7.10542736e-15  2.66453526e-15]
[ 1.49880108e-14 -7.54951657e-15  6.66133815e-16]
[ 1.22124533e-14 -7.54951657e-15  1.55431223e-15]
[ 1.14352972e-14 -7.99360578e-15  2.44249065e-15]
[ 6.88338275e-15 -7.99360578e-15  2.22044605e-15]
[ 9.43689571e-15 -8.43769499e-15  1.99840144e-15]
[ 1.26565425e-14 -7.32747196e-15  0.00000000e+00]
[ 7.32747196e-15 -8.21565038e-15  1.33226763e-15]
[ 1.04360964e-14 -8.21565038e-15  4.44089210e-16]
[ 1.37667655e-14 -6.43929354e-15 -6.66133815e-16]
[ 1.18793864e-14 -5.77315973e-15  6.66133815e-16]
[ 1.43218770e-14 -5.10702591e-15 -1.33226763e-15]
[ 1.54321000e-14 -6.21724894e-15  0.00000000e+00]
[ 1.57651669e-14 -5.32907052e-15  0.00000000e+00]
[ 1.83186799e-14 -5.55111512e-15  2.22044605e-16]
[ 1.40998324e-14 -5.77315973e-15 -4.44089210e-16]
[ 1.67643677e-14 -5.77315973e-15 -2.22044605e-16]
[ 1.77635684e-14 -6.21724894e-15  1.77635684e-15]
[ 1.33226763e-14 -5.55111512e-15  1.33226763e-15]
[ 1.82076576e-14 -6.21724894e-15  1.33226763e-15]
[ 1.55431223e-14 -6.43929354e-15 -2.22044605e-16]
[ 1.32116540e-14 -6.43929354e-15  1.11022302e-15]
[ 1.47659662e-14 -7.32747196e-15  1.55431223e-15]
[ 1.47659662e-14 -8.43769499e-15 -2.22044605e-16]
[ 1.73194792e-14 -8.21565038e-15 -2.44249065e-15]
[ 1.85407245e-14 -5.32907052e-15 -2.88657986e-15]
[ 1.97619698e-14 -6.21724894e-15 -1.55431223e-15]
[ 1.78745907e-14 -5.77315973e-15  2.22044605e-16]
[ 1.70974346e-14 -5.32907052e-15 -6.66133815e-16]
[ 1.77635684e-14 -4.66293670e-15  8.88178420e-16]
[ 1.48769885e-14 -4.66293670e-15 -2.22044605e-16]
[ 2.28705943e-14 -7.10542736e-15  0.00000000e+00]
[ 1.28785871e-14 -5.55111512e-15 -2.22044605e-16]
[ 1.48769885e-14 -6.66133815e-15  1.11022302e-15]
[ 1.79856130e-14 -6.21724894e-15  2.66453526e-15]
[ 1.99840144e-14 -5.32907052e-15  6.66133815e-16]
[ 1.68753900e-14 -6.66133815e-15  2.22044605e-16]
[ 1.46549439e-14 -6.88338275e-15  4.44089210e-16]
[ 1.13242749e-14 -5.10702591e-15  4.44089210e-16]
[ 1.37667655e-14 -5.55111512e-15  2.22044605e-16]
[ 1.37667655e-14 -3.77475828e-15  6.66133815e-16]
[ 1.44328993e-14 -5.10702591e-15  4.44089210e-16]
[ 1.22124533e-14 -3.99680289e-15  1.33226763e-15]
[ 1.75415238e-14 -3.77475828e-15  2.22044605e-15]
[ 1.46549439e-14 -3.55271368e-15  2.88657986e-15]
[ 1.53210777e-14 -4.88498131e-15  1.99840144e-15]
[ 1.66533454e-14 -4.44089210e-15  2.88657986e-15]
[ 1.66533454e-14 -4.66293670e-15  8.88178420e-16]
[ 1.28785871e-14 -2.44249065e-15  4.44089210e-16]
[ 1.88737914e-14 -4.88498131e-15  1.77635684e-15]
[ 1.88737914e-14 -5.55111512e-15 -2.22044605e-16]
[ 1.84297022e-14 -4.66293670e-15 -2.22044605e-16]
[ 1.31006317e-14 -3.77475828e-15 -1.99840144e-15]
[ 1.35447209e-14 -5.77315973e-15  2.22044605e-16]
[ 1.77635684e-14 -6.66133815e-15 -8.88178420e-16]
[ 1.70974346e-14 -3.55271368e-15 -2.22044605e-16]
[ 1.57651669e-14 -3.33066907e-15  1.77635684e-15]
[ 1.08801856e-14 -2.44249065e-15 -4.44089210e-16]
[ 1.42108547e-14 -2.88657986e-15 -4.44089210e-16]
[ 1.17683641e-14 -4.66293670e-15  1.55431223e-15]
[ 1.64313008e-14 -3.10862447e-15  1.11022302e-15]
[ 1.35447209e-14 -3.77475828e-15  6.66133815e-16]
[ 1.28785871e-14 -2.44249065e-15 -2.22044605e-16]
[ 1.86517468e-14 -2.22044605e-15 -6.66133815e-16]
[ 8.65973959e-15 -1.11022302e-15 -1.11022302e-15]
[ 1.59872116e-14 -2.22044605e-15  2.22044605e-16]
[ 1.68753900e-14 -2.44249065e-15 -4.44089210e-16]
[ 1.31006317e-14 -2.66453526e-15 -1.33226763e-15]
[ 1.66533454e-14 -5.77315973e-15 -8.88178420e-16]
[ 1.24344979e-14 -4.88498131e-15 -1.11022302e-15]
[ 1.50990331e-14 -3.33066907e-15 -2.22044605e-16]
[ 1.17683641e-14 -4.44089210e-15 -8.88178420e-16]
[ 1.95399252e-14 -6.21724894e-15 -2.44249065e-15]
[ 1.53210777e-14 -4.88498131e-15 -1.55431223e-15]
[ 1.82076576e-14 -5.99520433e-15 -2.66453526e-15]
[ 1.02140518e-14 -3.33066907e-15 -1.99840144e-15]
[ 1.53210777e-14 -3.10862447e-15 -8.88178420e-16]
[ 1.35447209e-14 -5.10702591e-15 -8.88178420e-16]
[ 1.46549439e-14 -3.55271368e-15 -2.88657986e-15]
[ 1.55431223e-14 -4.44089210e-15 -1.99840144e-15]
[ 1.79856130e-14 -2.44249065e-15 -2.44249065e-15]
[ 8.21565038e-15 -1.11022302e-15 -3.10862447e-15]
[ 1.13242749e-14 -1.55431223e-15 -2.88657986e-15]
[ 1.02140518e-14 -3.99680289e-15 -1.33226763e-15]
[ 1.24344979e-14 -1.77635684e-15 -2.44249065e-15]
[ 1.70974346e-14 -1.22124533e-15 -1.33226763e-15]
[ 1.19904087e-14  7.77156117e-16 -1.55431223e-15]
[ 1.35447209e-14  6.66133815e-16 -1.55431223e-15]
[ 8.65973959e-15  1.88737914e-15 -2.66453526e-15]
[ 1.50990331e-14 -8.88178420e-16 -1.55431223e-15]
[ 1.04360964e-14 -3.33066907e-16  0.00000000e+00]
[1.31006317e-14 1.11022302e-15 8.88178420e-16]
[ 1.42108547e-14 -7.77156117e-16  6.66133815e-16]
[ 9.54791801e-15  2.22044605e-16 -2.66453526e-15]
[ 1.28785871e-14  2.22044605e-16 -2.66453526e-15]
[ 1.53210777e-14  9.99200722e-16 -1.99840144e-15]
[ 1.59872116e-14  4.32986980e-15 -1.33226763e-15]
[ 1.15463195e-14  3.55271368e-15 -4.44089210e-16]
[ 1.68753900e-14  5.32907052e-15 -8.88178420e-16]
[ 1.90958360e-14  5.21804822e-15 -3.99680289e-15]
[ 1.99840144e-14  5.32907052e-15 -1.99840144e-15]
[ 1.70974346e-14  3.88578059e-15 -1.11022302e-15]
[ 1.44328993e-14  5.32907052e-15 -2.44249065e-15]
[1.70974346e-14 6.10622664e-15 0.00000000e+00]
[1.90958360e-14 3.55271368e-15 0.00000000e+00]
[1.42108547e-14 4.32986980e-15 0.00000000e+00]
[ 1.06581410e-14  4.77395901e-15 -1.66533454e-15]
[ 1.57651669e-14  2.55351296e-15 -1.44328993e-15]
[ 1.88737914e-14  5.88418203e-15 -4.10782519e-15]
[ 1.88737914e-14  5.88418203e-15 -3.99680289e-15]
[ 1.57651669e-14  3.77475828e-15 -4.99600361e-15]
[ 1.53210777e-14  5.71764858e-15 -4.32986980e-15]
[ 1.11022302e-14  2.10942375e-15 -4.10782519e-15]
[ 1.19904087e-14  6.38378239e-15 -3.21964677e-15]
[ 1.08801856e-14  3.88578059e-15 -4.99600361e-15]
[ 1.44328993e-14  3.99680289e-15 -1.22124533e-15]
[ 1.06581410e-14  5.66213743e-15 -2.66453526e-15]
[ 1.26565425e-14  3.44169138e-15 -3.33066907e-15]
[ 1.17683641e-14  6.52256027e-15 -4.66293670e-15]
[ 1.02140518e-14  4.38538095e-15 -4.44089210e-15]
[ 9.32587341e-15  4.05231404e-15 -2.88657986e-15]
[ 9.76996262e-15  4.44089210e-15 -5.55111512e-15]
[ 1.08801856e-14  8.63198402e-15 -3.38618023e-15]
[ 9.54791801e-15  6.82787160e-15 -4.55191440e-15]
[ 1.35447209e-14  7.32747196e-15 -5.71764858e-15]
[ 1.44328993e-14  5.01682029e-15 -2.88657986e-15]
[ 1.06581410e-14  4.76702011e-15 -6.93889390e-15]
[ 9.99200722e-15  9.50628465e-15 -4.32986980e-15]
[ 6.88338275e-15  5.77315973e-15 -5.63438185e-15]
[ 1.59872116e-14  7.13318293e-15 -6.43929354e-15]
[ 9.10382880e-15  4.38538095e-15 -3.77475828e-15]
[ 9.54791801e-15  3.35842465e-15 -7.67441666e-15]
[ 1.53210777e-14  2.02615702e-15 -9.17321774e-15]
[ 9.99200722e-15  5.66213743e-15 -7.48706652e-15]
[ 1.13242749e-14  4.80171458e-15 -9.76302372e-15]
[ 1.06581410e-14  4.77395901e-15 -1.05332409e-14]
[ 9.10382880e-15  4.27435864e-15 -1.02001740e-14]
[ 1.68753900e-14  1.55431223e-15 -1.29896094e-14]
[ 1.44328993e-14  2.83106871e-15 -1.30173650e-14]
[ 1.19904087e-14  2.72004641e-15 -1.10189635e-14]
[ 1.33226763e-14  2.38697950e-15 -1.08524301e-14]
[ 1.04360964e-14  3.49720253e-15 -1.38777878e-14]
[ 9.99200722e-15  4.10782519e-15 -1.38500322e-14]
[ 1.73194792e-14  2.22044605e-15 -1.37390099e-14]
[ 1.19904087e-14  2.77555756e-15 -1.26010313e-14]
[ 1.08801856e-14  1.55431223e-15 -1.54321000e-14]
[ 1.17683641e-14  3.05311332e-15 -1.13242749e-14]
[ 1.37667655e-14  2.33146835e-15 -1.33226763e-14]
[ 1.68753900e-14  6.66133815e-16 -1.20459198e-14]
[ 1.55431223e-14  2.72004641e-15 -1.19904087e-14]
[ 1.28785871e-14  1.44328993e-15 -1.29896094e-14]
[ 1.28785871e-14  3.33066907e-16 -1.39888101e-14]
[ 1.15463195e-14  1.27675648e-15 -1.03805853e-14]
[ 1.06581410e-14  1.11022302e-15 -1.41553436e-14]
[ 6.21724894e-15  1.83186799e-15 -1.29896094e-14]
[ 1.46549439e-14  3.33066907e-15 -1.49880108e-14]
[ 1.24344979e-14  9.43689571e-16 -8.71525074e-15]
[ 1.46549439e-14  1.66533454e-15 -1.09356968e-14]
[ 7.99360578e-15  2.10942375e-15 -1.09356968e-14]
[ 1.02140518e-14 -2.77555756e-16 -1.11022302e-14]
[ 4.88498131e-15 -2.60902411e-15 -1.15463195e-14]
[ 3.99680289e-15  1.22124533e-15 -1.02140518e-14]
[ 4.44089210e-15  3.55271368e-15 -1.19904087e-14]
[ 9.76996262e-15  2.22044605e-16 -9.76996262e-15]
[ 6.21724894e-15 -9.99200722e-16 -1.22124533e-14]
[ 1.37667655e-14  1.11022302e-15 -1.16573418e-14]
[ 1.15463195e-14 -3.33066907e-16 -1.14352972e-14]
[ 7.54951657e-15 -1.44328993e-15 -1.16573418e-14]
[ 4.88498131e-15 -2.66453526e-15 -8.65973959e-15]
[ 7.54951657e-15  1.94289029e-15 -1.08801856e-14]
[ 3.55271368e-15  4.66293670e-15 -9.43689571e-15]
[ 1.02140518e-14  2.05391260e-15 -7.54951657e-15]
[ 9.32587341e-15  1.66533454e-15 -1.08801856e-14]
[ 9.76996262e-15  1.77635684e-15 -1.25455202e-14]
[ 9.76996262e-15  6.43929354e-15 -1.42108547e-14]
[ 6.21724894e-15  4.82947016e-15 -9.32587341e-15]
[ 3.10862447e-15  4.27435864e-15 -1.33226763e-14]
[ 2.22044605e-15  3.99680289e-15 -1.28785871e-14]
[ 5.77315973e-15  1.11022302e-16 -1.22124533e-14]
[ 7.10542736e-15  3.55271368e-15 -9.54791801e-15]
[ 6.66133815e-15  1.88737914e-15 -1.22124533e-14]
[ 3.99680289e-15  2.60902411e-15 -1.02140518e-14]
[ 6.21724894e-15  5.55111512e-16 -1.19904087e-14]
[ 3.10862447e-15  4.44089210e-16 -1.06581410e-14]
[ 4.88498131e-15  5.55111512e-15 -9.32587341e-15]
[ 8.43769499e-15 -3.33066907e-16 -9.65894031e-15]
[ 6.66133815e-15  3.94129174e-15 -1.31006317e-14]
[ 3.55271368e-15  2.33146835e-15 -1.39888101e-14]
[ 3.55271368e-15  2.33146835e-15 -1.11022302e-14]
[ 5.77315973e-15  2.05391260e-15 -1.31006317e-14]
[ 9.32587341e-15  2.99760217e-15 -1.23234756e-14]
[ 7.54951657e-15  6.66133815e-16 -9.54791801e-15]
[ 6.21724894e-15  4.27435864e-15 -1.07691633e-14]
[ 6.21724894e-15  3.33066907e-15 -1.03250741e-14]
[ 8.88178420e-15  3.99680289e-15 -1.18793864e-14]
[ 6.66133815e-15  3.88578059e-15 -1.12132525e-14]
[ 8.43769499e-15  1.77635684e-15 -1.32116540e-14]
[ 4.88498131e-15  6.10622664e-16 -8.21565038e-15]
[ 6.88338275e-15  4.16333634e-15 -9.32587341e-15]
[ 5.99520433e-15  3.10862447e-15 -1.21014310e-14]
[ 3.33066907e-15 -1.97064587e-15 -9.99200722e-15]
[ 4.66293670e-15  4.55191440e-15 -9.99200722e-15]
[-1.11022302e-15 -1.13797860e-15 -8.21565038e-15]
[-1.33226763e-15  2.22044605e-15 -1.15463195e-14]
[-1.11022302e-15  4.16333634e-16 -1.11022302e-14]
[ 1.77635684e-15  1.80411242e-15 -1.22124533e-14]
[-4.44089210e-16 -1.47104551e-15 -1.13242749e-14]
[-4.44089210e-16 -1.38777878e-16 -1.11022302e-14]
[ 6.66133815e-16 -4.71844785e-16 -8.88178420e-15]
[ 1.11022302e-15  7.39686090e-15 -9.76996262e-15]
[ 0.00000000e+00 -4.57966998e-16 -6.88338275e-15]
[-1.33226763e-15  2.80331314e-15 -1.02140518e-14]
[ 2.22044605e-16  9.57567359e-16 -1.02140518e-14]
[ 3.99680289e-15  2.36963227e-15 -7.54951657e-15]
[-2.22044605e-16 -1.25593980e-15 -9.54791801e-15]
[-2.22044605e-16  1.72431514e-15 -7.99360578e-15]
[ 4.44089210e-16  1.14144805e-15 -1.26565425e-14]
[ 2.44249065e-15  2.31065167e-15 -8.65973959e-15]
[ 3.55271368e-15  5.24580379e-15 -9.32587341e-15]
[ 7.54951657e-15 -1.12410081e-15 -1.44328993e-14]
[ 2.66453526e-15  4.16333634e-16 -1.13242749e-14]
[ 1.99840144e-15  3.41393580e-15 -1.13242749e-14]
[ 3.10862447e-15 -1.83186799e-15 -1.33226763e-14]
[ 2.44249065e-15  1.27675648e-15 -1.08801856e-14]
[ 5.77315973e-15  4.80171458e-15 -1.28785871e-14]
[ 3.55271368e-15  1.99840144e-15 -1.35447209e-14]
[-2.22044605e-15  1.99840144e-15 -1.28785871e-14]
[ 2.66453526e-15  2.77555756e-17 -1.35447209e-14]
[-1.33226763e-15 -4.16333634e-16 -1.55431223e-14]
[ 3.99680289e-15  2.91433544e-15 -1.22124533e-14]
[-1.11022302e-15  4.38538095e-15 -1.44328993e-14]
[-8.88178420e-16  3.88578059e-15 -1.02140518e-14]
[ 3.33066907e-15 -2.16493490e-15 -1.39888101e-14]
[-2.22044605e-16 -2.77555756e-16 -1.48769885e-14]
[ 1.11022302e-15 -3.10862447e-15 -1.39888101e-14]
[-4.44089210e-16  1.66533454e-16 -1.50990331e-14]
[-5.55111512e-15 -1.88737914e-15 -1.22124533e-14]
[-6.66133815e-16 -2.10942375e-15 -1.15463195e-14]
[-2.22044605e-16 -1.33226763e-15 -1.31006317e-14]
[-1.99840144e-15 -3.49720253e-15 -1.13242749e-14]
[ 2.66453526e-15  1.11022302e-16 -1.53210777e-14]
[-4.44089210e-16  1.83186799e-15 -1.53210777e-14]
[-1.33226763e-15 -7.77156117e-16 -1.66533454e-14]
[ 2.88657986e-15 -2.55351296e-15 -1.48769885e-14]
[-6.66133815e-16  2.44249065e-15 -1.22124533e-14]
[ 1.11022302e-15 -2.22044605e-15 -8.21565038e-15]
[ 6.66133815e-16 -1.44328993e-15 -1.46549439e-14]
[ 1.11022302e-15 -6.88338275e-15 -1.99840144e-14]
[ 8.88178420e-16 -2.33146835e-15 -1.66533454e-14]
[-4.44089210e-16  1.11022302e-15 -1.44328993e-14]
[-3.55271368e-15  1.11022302e-16 -1.39888101e-14]
[ 4.44089210e-16 -5.55111512e-15 -1.19904087e-14]
[-3.77475828e-15  2.16493490e-15 -1.59872116e-14]
[-3.10862447e-15 -2.38697950e-15 -1.33226763e-14]
[-1.99840144e-15 -2.22044605e-16 -1.59872116e-14]
[ 0.00000000e+00 -2.94209102e-15 -1.39888101e-14]
[ 2.22044605e-15  2.10942375e-15 -1.53210777e-14]
[ 1.33226763e-15 -2.60902411e-15 -1.42108547e-14]
[-2.44249065e-15 -2.38697950e-15 -1.55431223e-14]
[-3.10862447e-15 -5.82867088e-15 -1.68753900e-14]
[-1.11022302e-15 -2.33146835e-15 -1.55431223e-14]
[-8.88178420e-16 -6.21724894e-15 -1.50990331e-14]
[-6.66133815e-16 -3.33066907e-15 -1.82076576e-14]
[-4.44089210e-16 -8.32667268e-15 -1.42108547e-14]
[-1.99840144e-15 -4.77395901e-15 -1.42108547e-14]
[-2.22044605e-16 -6.82787160e-15 -1.28785871e-14]
[-1.55431223e-15 -5.71764858e-15 -1.50990331e-14]
[-6.66133815e-16 -2.99760217e-15 -1.64313008e-14]
[-2.44249065e-15 -8.82627305e-15 -1.33226763e-14]
[-3.55271368e-15 -6.10622664e-15 -1.19904087e-14]
[-3.77475828e-15 -5.82867088e-15 -1.28785871e-14]
[-1.77635684e-15 -4.38538095e-15 -1.28785871e-14]
[-4.44089210e-15 -8.32667268e-16 -1.28785871e-14]
[-1.11022302e-15 -2.94209102e-15 -1.73194792e-14]
[-6.88338275e-15 -4.55191440e-15 -1.24344979e-14]
[-3.99680289e-15 -1.49880108e-15 -1.28785871e-14]
[-4.44089210e-16 -3.88578059e-15 -1.11022302e-14]
[-1.33226763e-15 -3.33066907e-16 -1.59872116e-14]
[-2.66453526e-15  1.66533454e-16 -8.43769499e-15]
[-3.10862447e-15 -2.38697950e-15 -8.43769499e-15]
[-3.55271368e-15 -5.32907052e-15 -9.76996262e-15]
[-4.66293670e-15 -4.99600361e-15 -8.43769499e-15]
[-4.21884749e-15 -3.71924713e-15 -1.02140518e-14]
[-1.99840144e-15 -6.82787160e-15 -1.15463195e-14]
[-4.66293670e-15 -1.15463195e-14 -9.76996262e-15]
[-7.21644966e-15 -6.21724894e-15 -1.02140518e-14]
[ 1.11022302e-16 -9.82547377e-15 -1.02140518e-14]
[-2.66453526e-15 -5.38458167e-15 -8.88178420e-15]
[ 2.10942375e-15 -6.93889390e-15 -7.99360578e-15]
[-5.44009282e-15 -7.99360578e-15 -1.02140518e-14]
[ 4.44089210e-16 -2.10942375e-15 -9.76996262e-15]
[-4.77395901e-15 -5.63438185e-15 -1.33226763e-14]
[ 3.33066907e-16 -2.63677968e-15 -9.32587341e-15]
[ 8.88178420e-16 -4.60742555e-15 -1.24344979e-14]
[ 1.77635684e-15 -3.33066907e-15 -1.42108547e-14]
[-1.66533454e-15 -5.19029264e-15 -1.37667655e-14]
[ 3.55271368e-15 -4.99600361e-15 -1.15463195e-14]
[ 3.33066907e-16 -6.27276009e-15 -1.24344979e-14]
[-3.33066907e-16 -6.32827124e-15 -1.50990331e-14]
[-2.55351296e-15 -3.27515792e-15 -1.15463195e-14]
[-3.44169138e-15 -4.67681449e-15 -1.15463195e-14]
[-4.10782519e-15 -7.75768338e-15 -1.37667655e-14]
[ 6.66133815e-16 -6.74460487e-15 -1.37667655e-14]
[-7.32747196e-15 -6.00908212e-15 -1.55431223e-14]
[-2.77555756e-15 -2.50494070e-15 -1.77635684e-14]
[-4.21884749e-15 -5.74887360e-15 -1.59872116e-14]
[-1.77635684e-15 -3.64985819e-15 -1.46549439e-14]
[-2.10942375e-15 -7.52176099e-15 -1.46549439e-14]
[-3.33066907e-15 -6.34908792e-15 -1.55431223e-14]
[-3.77475828e-15 -5.74540415e-15 -1.42108547e-14]
[-5.55111512e-16 -5.71764858e-15 -1.77635684e-14]
[-3.10862447e-15 -4.12170298e-15 -1.55431223e-14]
[ 2.22044605e-16 -6.99440506e-15 -1.82076576e-14]
[-4.44089210e-16 -3.55271368e-15 -1.64313008e-14]
[-1.88737914e-15 -5.66213743e-15 -1.55431223e-14]
[-4.21884749e-15 -8.02136135e-15 -1.50990331e-14]
[-4.44089210e-16 -2.66453526e-15 -1.55431223e-14]
[-1.88737914e-15 -5.21804822e-15 -1.59872116e-14]
[-4.44089210e-15 -4.60742555e-15 -1.24344979e-14]
[-8.88178420e-16 -7.46624984e-15 -1.68753900e-14]
[-2.33146835e-15 -8.07687250e-15 -1.55431223e-14]
[ 1.88737914e-15 -8.63198402e-15 -1.86517468e-14]
[-2.10942375e-15 -4.96824804e-15 -2.04281037e-14]
[-7.77156117e-16 -5.16253706e-15 -1.82076576e-14]
[-2.55351296e-15 -5.82867088e-15 -1.99840144e-14]
[-9.99200722e-16 -5.55111512e-15 -2.04281037e-14]
[-7.77156117e-16 -7.88258347e-15 -2.17603713e-14]
[ 2.55351296e-15 -8.82627305e-15 -1.95399252e-14]
[-3.10862447e-15 -8.71525074e-15 -1.68753900e-14]
[ 1.33226763e-15 -5.32907052e-15 -1.68753900e-14]
[-1.83186799e-15 -5.32907052e-15 -2.13162821e-14]
[-2.49800181e-15 -7.10542736e-15 -2.04281037e-14]
[-3.71924713e-15 -3.16413562e-15 -1.55431223e-14]
[-2.05391260e-15 -4.77395901e-15 -1.64313008e-14]
[ 5.55111512e-17 -4.49640325e-15 -2.04281037e-14]
[ 1.72084569e-15 -3.16413562e-15 -1.86517468e-14]
[ 1.27675648e-15 -4.27435864e-15 -1.77635684e-14]
[-5.55111512e-16 -2.66453526e-15 -1.59872116e-14]
[ 2.44249065e-15 -4.38538095e-15 -2.08721929e-14]
[ 5.82867088e-15 -4.38538095e-15 -1.86517468e-14]
[ 6.77236045e-15 -8.27116153e-15 -1.68753900e-14]
[ 3.88578059e-15 -5.55111512e-15 -1.90958360e-14]
[ 8.88178420e-16 -5.55111512e-15 -1.33226763e-14]
[-1.22124533e-15 -4.44089210e-15 -1.28785871e-14]
[-3.21964677e-15 -3.88578059e-15 -1.59872116e-14]
[ 3.83026943e-15 -3.88578059e-15 -1.55431223e-14]
[ 3.27515792e-15 -1.22124533e-15 -1.50990331e-14]
[ 4.49640325e-15 -2.33146835e-15 -1.55431223e-14]
[ 3.66373598e-15  6.66133815e-16 -1.46549439e-14]
[ 6.93889390e-15 -1.83186799e-15 -1.73194792e-14]
[ 5.38458167e-15 -3.21964677e-15 -1.73194792e-14]
[ 3.33066907e-15 -3.88578059e-16 -1.42108547e-14]
[ 2.83106871e-15 -2.94209102e-15 -1.64313008e-14]
[ 1.72084569e-15 -4.88498131e-15 -1.37667655e-14]
[ 5.82867088e-15 -5.16253706e-15 -1.55431223e-14]
[ 6.21724894e-15 -5.71764858e-15 -1.68753900e-14]
[ 9.76996262e-15 -7.71605002e-15 -1.73194792e-14]
[ 7.10542736e-15 -2.10942375e-15 -1.86517468e-14]
[ 8.65973959e-15 -1.27675648e-15 -1.50990331e-14]
[ 7.16093851e-15 -1.38777878e-15 -1.46549439e-14]
[ 1.11022302e-16 -5.49560397e-15 -1.46549439e-14]
[ 3.38618023e-15 -3.33066907e-16 -1.64313008e-14]
[ 5.44009282e-15 -4.88498131e-15 -1.59872116e-14]
[ 4.99600361e-15 -9.43689571e-16 -1.59872116e-14]
[ 9.24260668e-15 -1.94289029e-15 -1.46549439e-14]
[ 1.52655666e-15 -4.05231404e-15 -1.86517468e-14]
[ 4.05231404e-15 -1.88737914e-15 -1.99840144e-14]
[ 2.05391260e-15 -2.60902411e-15 -1.90958360e-14]
[-7.21644966e-16 -1.27675648e-15 -1.73194792e-14]
[ 5.82867088e-16 -1.11022302e-16 -1.64313008e-14]
[ 5.27355937e-15 -7.21644966e-16 -1.73194792e-14]
[-2.83106871e-15 -3.27515792e-15 -1.50990331e-14]
[ 0.00000000e+00 -1.99840144e-15 -1.82076576e-14]
[ 1.13797860e-15 -2.55351296e-15 -2.22044605e-14]
[ 3.16413562e-15 -1.49880108e-15 -1.64313008e-14]
[ 9.15933995e-16 -1.11022302e-15 -1.64313008e-14]
[-1.91513472e-15 -1.38777878e-15 -1.73194792e-14]
[ 1.31838984e-15  1.38777878e-15 -1.73194792e-14]
[ 3.02535774e-15 -5.55111512e-16 -1.50990331e-14]
[ 3.77475828e-15 -3.88578059e-16 -1.50990331e-14]
[ 4.56579219e-15 -2.05391260e-15 -1.50990331e-14]
[ 9.08995101e-15  8.32667268e-16 -1.86517468e-14]
[ 7.77156117e-16 -5.32907052e-15 -1.37667655e-14]
[ 4.22578639e-15 -2.44249065e-15 -1.77635684e-14]
[ 5.57193180e-15  2.22044605e-16 -1.42108547e-14]
[ 3.52495810e-15 -1.99840144e-15 -1.50990331e-14]
[ 2.43902121e-15 -3.77475828e-15 -1.59872116e-14]
[ 6.71164513e-15  1.88737914e-15 -1.37667655e-14]
[ 3.04443970e-15  2.44249065e-15 -1.33226763e-14]
[ 8.11850587e-15  4.55191440e-15 -1.64313008e-14]
[ 5.93275429e-15  1.66533454e-15 -1.86517468e-14]
[ 7.09154957e-15  1.72084569e-15 -1.86517468e-14]
[ 8.88178420e-15 -1.88737914e-15 -1.77635684e-14]
[ 1.00613962e-14  1.94289029e-15 -1.73194792e-14]
[ 5.81479309e-15  2.72004641e-15 -1.59872116e-14]
[ 7.27196081e-15 -2.88657986e-15 -1.50990331e-14]
[ 6.09234885e-15 -5.55111512e-16 -1.82076576e-14]
[ 5.91193761e-15 -8.88178420e-16 -1.59872116e-14]
[ 6.35602682e-15 -1.60982339e-15 -1.55431223e-14]
[ 4.66293670e-15  1.77635684e-15 -1.68753900e-14]
[ 1.02140518e-14  1.33226763e-15 -1.82076576e-14]
[ 1.63757896e-15  7.77156117e-16 -2.13162821e-14]
[ 9.60342916e-15  5.82867088e-16 -2.22044605e-14]
[ 1.41553436e-15  5.82867088e-16 -2.28705943e-14]
[ 6.13398221e-15 -1.08246745e-15 -2.17603713e-14]
[ 1.94289029e-15 -1.77635684e-15 -2.42028619e-14]
[ 8.46545056e-15 -1.22124533e-15 -1.79856130e-14]
[ 1.32671651e-14 -1.60982339e-15 -2.17603713e-14]
[ 7.77156117e-15 -2.52575738e-15 -1.93178806e-14]
[ 8.32667268e-15  1.36002321e-15 -1.62092562e-14]
[ 7.71605002e-15  2.47024623e-15 -1.73194792e-14]
[ 5.05151476e-15  1.83186799e-15 -1.66533454e-14]
[ 3.10862447e-15  1.11022302e-15 -1.77635684e-14]
[ 8.54871729e-15 -3.26128013e-15 -1.99840144e-14]
[ 5.66213743e-15  8.32667268e-17 -1.84297022e-14]
[ 3.21964677e-15 -1.81799020e-15 -1.44328993e-14]
[ 6.66133815e-16  2.91433544e-16 -1.08801856e-14]
[ 3.33066907e-16  1.01307851e-15 -1.39888101e-14]
[ 1.09912079e-14  3.45556916e-15 -1.62092562e-14]
[ 7.82707232e-15  1.43635104e-15 -1.33226763e-14]
[ 6.10622664e-15  9.02056208e-17 -1.39888101e-14]
[ 8.99280650e-15  8.32667268e-17 -1.26565425e-14]
[ 1.11022302e-15 -1.76941795e-15 -1.57651669e-14]
[ 7.77156117e-16 -9.88792381e-16 -1.31006317e-14]
[ 7.77156117e-15  1.92727778e-15 -1.44328993e-14]
[ 5.55111512e-15  3.98986399e-17 -1.48769885e-14]
[ 2.16493490e-15  1.64972203e-15 -1.17683641e-14]
[ 5.10702591e-15  4.30905311e-15 -1.26565425e-14]
[-1.38777878e-15  3.10515502e-15 -1.77635684e-14]
[ 7.43849426e-15  3.73312492e-15 -1.86517468e-14]
[ 3.33066907e-16  3.58046925e-15 -1.62092562e-14]
[ 2.66453526e-15  3.13638004e-15 -1.75415238e-14]
[ 2.99760217e-15  3.19189120e-16 -1.84297022e-14]
[ 6.55031585e-15  7.49400542e-16 -1.66533454e-14]
[ 2.22044605e-15  4.03843625e-15 -1.75415238e-14]
[ 8.88178420e-15  5.75928194e-15 -1.84297022e-14]
[ 2.10942375e-15  1.69309011e-15 -1.82076576e-14]
[ 1.04360964e-14  3.83026943e-15 -1.95399252e-14]
[ 6.66133815e-16  2.35922393e-15 -1.59872116e-14]
[ 8.43769499e-15  5.10702591e-15 -1.79856130e-14]
[ 8.54871729e-15  4.99600361e-15 -1.73194792e-14]
[ 7.99360578e-15  8.77076189e-15 -1.66533454e-14]
[ 3.99680289e-15  6.74460487e-15 -1.50990331e-14]
[ 7.99360578e-15  6.02295991e-15 -1.84297022e-14]
[ 1.03250741e-14  9.71445147e-16 -1.59872116e-14]
[ 1.56541446e-14  6.24500451e-15 -1.93178806e-14]
[ 6.99440506e-15  5.49560397e-15 -2.06501483e-14]
[ 4.10782519e-15  8.46545056e-15 -1.50990331e-14]
[ 1.44328993e-14  4.80171458e-15 -1.86517468e-14]
[ 1.45439216e-14  4.10782519e-15 -1.79856130e-14]
[ 1.08801856e-14  3.55271368e-15 -2.06501483e-14]
[ 1.32116540e-14  5.99520433e-15 -2.04281037e-14]
[ 7.77156117e-15  7.32747196e-15 -2.13162821e-14]
[ 5.32907052e-15  5.35682609e-15 -1.77635684e-14]
[ 1.07691633e-14  4.94049246e-15 -1.70974346e-14]
[ 8.32667268e-15  5.71764858e-15 -1.64313008e-14]
[ 6.99440506e-15  9.65894031e-15 -1.93178806e-14]
[ 1.28785871e-14  6.66133815e-15 -1.57651669e-14]
[ 1.28785871e-14  7.43849426e-15 -1.68753900e-14]
[ 9.43689571e-15  4.41313652e-15 -2.22044605e-14]
[ 1.43218770e-14  4.52415883e-15 -1.97619698e-14]
[ 6.99440506e-15  2.35922393e-15 -1.93178806e-14]
[ 3.99680289e-15  2.72004641e-15 -1.46549439e-14]
[ 7.21644966e-15  2.27595720e-15 -1.97619698e-14]
[ 2.55351296e-15  3.99680289e-15 -1.46549439e-14]
[ 5.21804822e-15  4.16333634e-15 -1.57651669e-14]
[ 4.55191440e-15 -1.77635684e-15 -2.17603713e-14]
[ 3.21964677e-15  2.05391260e-15 -1.66533454e-14]
[ 5.66213743e-15  6.10622664e-16 -1.59872116e-14]
[ 1.23234756e-14  1.66533454e-15 -1.46549439e-14]
[ 7.10542736e-15 -1.77635684e-15 -1.99840144e-14]
[ 2.55351296e-15  2.33146835e-15 -1.46549439e-14]
[ 5.55111512e-15  2.55351296e-15 -1.84297022e-14]
[ 6.88338275e-15  2.77555756e-15 -1.46549439e-14]
[ 1.21014310e-14  8.88178420e-16 -1.95399252e-14]
[ 9.99200722e-15  3.21964677e-15 -2.19824159e-14]
[ 8.32667268e-15  2.49800181e-15 -1.70974346e-14]
[ 4.32986980e-15  3.44169138e-15 -1.86517468e-14]
[-9.99200722e-16  2.05391260e-15 -1.68753900e-14]
[ 1.11022302e-16  3.71924713e-15 -1.15463195e-14]
[ 7.43849426e-15  1.49880108e-15 -1.53210777e-14]
[ 3.21964677e-15  2.55351296e-15 -1.68753900e-14]
[ 7.66053887e-15  2.77555756e-15 -1.50990331e-14]
[ 1.66533454e-15  5.66213743e-15 -1.28785871e-14]
[ 1.18793864e-14  2.83106871e-15 -1.66533454e-14]
[ 8.88178420e-16  3.83026943e-15 -1.48769885e-14]
[ 1.77635684e-15  3.94129174e-15 -1.48769885e-14]
[ 4.99600361e-15  4.32986980e-15 -1.59872116e-14]
[ 2.88657986e-15  3.71924713e-15 -1.46549439e-14]
[ 9.32587341e-15  1.60982339e-15 -1.64313008e-14]
[ 4.99600361e-15  2.88657986e-15 -1.35447209e-14]
[ 3.77475828e-15  6.38378239e-15 -1.17683641e-14]
[ 9.65894031e-15  5.66213743e-15 -1.26565425e-14]
[ 1.32116540e-14  5.05151476e-15 -1.50990331e-14]
[ 6.21724894e-15  3.55271368e-15 -9.10382880e-15]
[ 3.10862447e-15  2.77555756e-15 -1.50990331e-14]
[ 8.32667268e-15  3.49720253e-15 -1.26565425e-14]
[ 7.21644966e-15  5.32907052e-15 -1.28785871e-14]
[ 1.02140518e-14  4.27435864e-15 -1.68753900e-14]
[ 1.02140518e-14  2.33146835e-15 -1.77635684e-14]
[ 1.13242749e-14  4.94049246e-15 -1.22124533e-14]
[ 2.22044605e-15  4.44089210e-15 -1.73194792e-14]
[ 4.88498131e-15  4.99600361e-15 -1.26565425e-14]
[ 1.07691633e-14  3.10862447e-15 -1.53210777e-14]
[ 6.99440506e-15  2.38697950e-15 -1.46549439e-14]
[ 9.99200722e-16  3.77475828e-15 -1.24344979e-14]
[ 8.43769499e-15  4.66293670e-15 -1.48769885e-14]
[ 9.76996262e-15  2.33146835e-15 -1.68753900e-14]
[ 5.32907052e-15  2.55351296e-15 -1.88737914e-14]
[ 4.21884749e-15  3.16413562e-15 -1.68753900e-14]
[ 1.32116540e-14  2.72004641e-15 -1.82076576e-14]
[ 9.21485110e-15  2.66453526e-15 -1.97619698e-14]
[ 4.66293670e-15  1.22124533e-15 -1.66533454e-14]
[ 3.33066907e-15  3.60822483e-15 -1.77635684e-14]
[ 1.22124533e-14 -1.88737914e-15 -1.62092562e-14]
[ 7.77156117e-15  3.21964677e-15 -1.37667655e-14]
[ 1.22124533e-14 -2.10942375e-15 -2.26485497e-14]
[ 6.88338275e-15 -3.88578059e-16 -1.88737914e-14]
[ 3.66373598e-15 -2.44249065e-15 -1.73194792e-14]
[ 2.22044605e-16 -9.99200722e-16 -1.53210777e-14]
[ 2.99760217e-15 -7.77156117e-16 -1.59872116e-14]
[ 1.09912079e-14  3.66373598e-15 -1.44328993e-14]
[ 4.55191440e-15 -4.94049246e-15 -1.79856130e-14]
[ 9.88098492e-15  2.22044605e-16 -1.44328993e-14]
[ 6.21724894e-15 -3.16413562e-15 -1.97619698e-14]
[ 1.49880108e-14 -2.49800181e-15 -1.75415238e-14]
[ 5.44009282e-15  2.33146835e-15 -1.64313008e-14]
[ 8.32667268e-15 -1.44328993e-15 -1.86517468e-14]
[ 6.10622664e-15  1.77635684e-15 -1.99840144e-14]
[ 6.77236045e-15  1.55431223e-15 -1.59872116e-14]
[ 4.10782519e-15  1.27675648e-15 -2.26485497e-14]
[ 1.99840144e-15 -2.66453526e-15 -2.37587727e-14]
[ 7.77156117e-16  1.55431223e-15 -1.73194792e-14]
[-6.66133815e-16  1.77635684e-15 -2.08721929e-14]
[ 9.88098492e-15  4.49640325e-15 -2.24265051e-14]
[ 7.10542736e-15  1.55431223e-15 -1.79856130e-14]
[ 8.88178420e-15 -1.60982339e-15 -1.68753900e-14]
