0.12015915637755484
0.31598094897746964
0.33435150594969315
0.33924463198308263
0.3603856676878338
0.401549014959206
0.4414597118757674
0.4455402975315822
0.47227170189036444
0.5557668198400244
0.5853316159815917
0.6246232492042758
0.6355328596530063
0.6709364092155573
0.6769210609292018
0.6879986334710506
0.6926210173552828
0.7182856246620132
0.7502613061401779
0.7574115621501344
0.7577290410691864
0.7704194224258272
0.7799704642176922
0.7810102022049452
0.787783844754194
0.7895710124385026
0.7999456933303001
0.8018810882817928
0.820303914163529
0.8265496212934317
0.8433296957665691
0.8526244771134147
0.8740382013909633
0.8871804206755228
0.9155852035816072
0.9185527492112046
0.9210845979438618
0.9566281149942709
0.9569447150240595
0.9761395651402346
0.9872162569672902
0.9888602401201996
0.9987775510544682
1.000759814374632
1.001442129688498
1.0201927955733465
1.0225567055680391
1.0265029364474418
1.0338959495186886
1.0380089912121788
1.0406473351006895
1.0546646428098554
1.0562082108809427
1.0598568169097007
1.0612256971463576
1.0681554952976955
1.082078612126252
1.08230703874337
1.0843071696470161
1.0927926873833431
1.1023339789766757
1.105234557321761
1.1203123939361714
1.1218428243577876
1.125365714019688
1.1293288000805566
1.1323832236227973
1.134138119127655
1.1372818997533523
1.137713178723037
1.147351191142365
1.170832348113343
1.178486530291836
1.1834350168704582
1.1894328686965177
1.1944805167376178
1.194501607481721
1.1957514101160467
1.2024672425108593
1.2054897623983076
1.2215513596169199
1.2450887049589574
1.2463823755304089
1.252217765178486
1.267629970612357
1.268628676781139
1.2727663929000432
1.2840246869774898
1.2846190144627758
1.287351160099645
1.2873734308838314
1.2891926776856928
1.2944377684526136
1.2969854522112314
1.3105994589120011
1.310952322878215
1.311529439396396
1.3213906292449866
1.3287254064609368
1.335701494092795
1.3436040017427764
1.3485884998395907
1.3546296764857217
1.3562880262322958
1.3613317194320473
1.3660105388402823
1.3671255447637896
1.3731743474752882
1.3747844984018516
1.3763118871088746
1.3791741722887199
1.382616440872149
1.3845868493848164
1.391519032355207
1.3941244491809177
1.3971716218735273
1.3997937168060655
1.4276015666721167
1.4299017000595957
1.4424698719848377
1.4623296909246521
1.468069946222515
1.4693806440032429
1.4699881484873252
1.471357078566551
1.472626517025442
1.4754698064118021
1.4867111913405704
1.4920529349042324
1.4931360121255914
1.5091771991763963
1.514003184508429
1.518075981388399
1.521866322641369
1.5231415582697678
1.5238461865408426
1.5266506152189043
1.535713209178577
1.5407181634602234
1.5600827645106026
1.561780364208949
1.5658299535637328
1.565954862929325
1.5739805866193612
1.583254840547626
1.58592672220545
1.5860409066378822
1.5923375491371827
1.5979536087390926
1.6020356161126859
1.6056599102668694
1.6062888239806843
1.6270564384059103
1.6617947142383336
1.6678028786414925
1.6875026456097342
1.6953114215635094
1.700719495466802
1.7447859380447461
1.7460825315678619
1.759517846158973
1.772131323224906
1.7736005625621454
1.7774344081577946
1.7819054033802935
1.785922283770444
1.788232268941108
1.7894829667049528
1.7968955991688753
1.7983930588676285
1.817398049740182
1.818030518307415
1.818907728262857
1.8193826489691272
1.826903143716975
1.844922316899129
1.8498102680064004
1.8557149080514652
1.881405730173918
1.9026539640450522
1.9388614704932579
1.9481783059570423
1.9598478068962037
1.9642581510003148
1.9693401089297482
1.991136429050449
1.9967340978870056
2.041641678090125
2.0663987228648426
2.079333274412291
2.0879524208686213
2.0893949039626674
2.095575849752129
2.1225571770461595
2.131541784262331
2.1332232734230785
2.1432579699650884
2.143422199394968
2.1591063977731206
2.1895154712810845
2.2255596779419395
2.244681317287442
2.2898376778324017
2.3188095067957706
2.328678602489226
2.3510973661280135
2.366464320227104
2.386651184984776
2.469511290836175
2.501967448628972
2.5197236474789997
2.618409985122912
2.967610275878521
3.1491885820159218
3.258393981581784
3.491935345379079
