[1.17549435e-38 1.17549435e-38 1.17549435e-38]
[3.08184903e-29 3.08184903e-29 3.08184903e-29]
[1.60193557e-28 1.60193557e-28 1.60193557e-28]
[3.99365167e-28 3.99365167e-28 3.99365167e-28]
[5.23059125e-28 5.23059125e-28 5.23059125e-28]
[8.33234331e-28 8.33234331e-28 8.33234331e-28]
[1.0366265e-27 1.0366265e-27 1.0366265e-27]
[1.2939681e-27 1.2939681e-27 1.2939681e-27]
[1.91346937e-27 1.91346937e-27 1.91346937e-27]
[2.88745143e-27 2.88745143e-27 2.88745143e-27]
[4.61665543e-27 4.61665543e-27 4.61665543e-27]
[6.71329114e-27 6.71329114e-27 6.71329114e-27]
[9.32955469e-27 9.32955469e-27 9.32955469e-27]
[1.30765773e-26 1.30765773e-26 1.30765773e-26]
[1.68152466e-26 1.68152466e-26 1.68152466e-26]
[2.24639494e-26 2.24639494e-26 2.24639494e-26]
[2.79555208e-26 2.79555208e-26 2.79555208e-26]
[3.49543401e-26 3.49543401e-26 3.49543401e-26]
[4.1278027e-26 4.1278027e-26 4.1278027e-26]
[4.79325363e-26 4.79325363e-26 4.79325363e-26]
[5.46679468e-26 5.46679468e-26 5.46679468e-26]
[6.21779196e-26 6.21779196e-26 6.21779196e-26]
[7.12337003e-26 7.12337003e-26 7.12337003e-26]
[7.87717034e-26 7.87717034e-26 7.87717034e-26]
[8.59060628e-26 8.59060628e-26 8.59060628e-26]
[9.29433084e-26 9.29433084e-26 9.29433084e-26]
[1.01526733e-25 1.01526733e-25 1.01526733e-25]
[1.09458305e-25 1.09458305e-25 1.09458305e-25]
[1.16018588e-25 1.16018588e-25 1.16018588e-25]
[1.22614155e-25 1.22614155e-25 1.22614155e-25]
[1.30191847e-25 1.30191847e-25 1.30191847e-25]
[1.38657718e-25 1.38657718e-25 1.38657718e-25]
[1.45690163e-25 1.45690163e-25 1.45690163e-25]
[1.51682936e-25 1.51682936e-25 1.51682936e-25]
[1.5814959e-25 1.5814959e-25 1.5814959e-25]
[1.65653994e-25 1.65653994e-25 1.65653994e-25]
[1.74257745e-25 1.74257745e-25 1.74257745e-25]
[1.84984395e-25 1.84984395e-25 1.84984395e-25]
[1.98200411e-25 1.98200411e-25 1.98200411e-25]
[2.10036564e-25 2.10036564e-25 2.10036564e-25]
[2.24314522e-25 2.24314522e-25 2.24314522e-25]
[2.39496307e-25 2.39496307e-25 2.39496307e-25]
[2.57198359e-25 2.57198359e-25 2.57198359e-25]
[2.75997692e-25 2.75997692e-25 2.75997692e-25]
[2.92570237e-25 2.92570237e-25 2.92570237e-25]
[3.11110733e-25 3.11110733e-25 3.11110733e-25]
[3.32521411e-25 3.32521411e-25 3.32521411e-25]
[3.5174138e-25 3.5174138e-25 3.5174138e-25]
[3.68799353e-25 3.68799353e-25 3.68799353e-25]
[3.85433785e-25 3.85433785e-25 3.85433785e-25]
[4.04127778e-25 4.04127778e-25 4.04127778e-25]
[4.21531856e-25 4.21531856e-25 4.21531856e-25]
[4.42250898e-25 4.42250898e-25 4.42250898e-25]
[4.62560738e-25 4.62560738e-25 4.62560738e-25]
[4.80244669e-25 4.80244669e-25 4.80244669e-25]
[4.94193369e-25 4.94193369e-25 4.94193369e-25]
[5.08658425e-25 5.08658425e-25 5.08658425e-25]
[5.26227642e-25 5.26227642e-25 5.26227642e-25]
[5.38540347e-25 5.38540347e-25 5.38540347e-25]
[5.45077833e-25 5.45077833e-25 5.45077833e-25]
[5.52314638e-25 5.52314638e-25 5.52314638e-25]
[5.56945153e-25 5.56945153e-25 5.56945153e-25]
[5.56282675e-25 5.56282675e-25 5.56282675e-25]
[5.50995598e-25 5.50995598e-25 5.50995598e-25]
[5.48032641e-25 5.48032641e-25 5.48032641e-25]
[5.47703935e-25 5.47703935e-25 5.47703935e-25]
[5.43766988e-25 5.43766988e-25 5.43766988e-25]
[5.48033123e-25 5.48033123e-25 5.48033123e-25]
[5.51325774e-25 5.51325774e-25 5.51325774e-25]
[5.59599979e-25 5.59599979e-25 5.59599979e-25]
[5.70952019e-25 5.70952019e-25 5.70952019e-25]
[5.78358529e-25 5.78358529e-25 5.78358529e-25]
[5.92629967e-25 5.92629967e-25 5.92629967e-25]
[6.06729719e-25 6.06729719e-25 6.06729719e-25]
[6.23797701e-25 6.23797701e-25 6.23797701e-25]
[6.42525533e-25 6.42525533e-25 6.42525533e-25]
[6.51097251e-25 6.51097251e-25 6.51097251e-25]
[6.57562962e-25 6.57562962e-25 6.57562962e-25]
[6.59004556e-25 6.59004556e-25 6.59004556e-25]
[6.59364408e-25 6.59364408e-25 6.59364408e-25]
[6.56842406e-25 6.56842406e-25 6.56842406e-25]
[6.5648254e-25 6.5648254e-25 6.5648254e-25]
[6.53607334e-25 6.53607334e-25 6.53607334e-25]
[6.47875852e-25 6.47875852e-25 6.47875852e-25]
[6.35779697e-25 6.35779697e-25 6.35779697e-25]
[6.19595342e-25 6.19595342e-25 6.19595342e-25]
[6.04655336e-25 6.04655336e-25 6.04655336e-25]
[5.88193313e-25 5.88193313e-25 5.88193313e-25]
[5.68605189e-25 5.68605189e-25 5.68605189e-25]
[5.53635578e-25 5.53635578e-25 5.53635578e-25]
[5.33013885e-25 5.33013885e-25 5.33013885e-25]
[5.17884624e-25 5.17884624e-25 5.17884624e-25]
[5.09926272e-25 5.09926272e-25 5.09926272e-25]
[5.05812042e-25 5.05812042e-25 5.05812042e-25]
[5.0171463e-25 5.0171463e-25 5.0171463e-25]
[5.01400276e-25 5.01400276e-25 5.01400276e-25]
[4.97634034e-25 4.97634034e-25 4.97634034e-25]
[4.93881838e-25 4.93881838e-25 4.93881838e-25]
[4.89211561e-25 4.89211561e-25 4.89211561e-25]
[4.88590382e-25 4.88590382e-25 4.88590382e-25]
[4.88590382e-25 4.88590382e-25 4.88590382e-25]
[4.87659278e-25 4.87659278e-25 4.87659278e-25]
[4.75639625e-25 4.75639625e-25 4.75639625e-25]
[4.61052247e-25 4.61052247e-25 4.61052247e-25]
[4.46692201e-25 4.46692201e-25 4.46692201e-25]
[4.2935263e-25 4.2935263e-25 4.2935263e-25]
[4.10361953e-25 4.10361953e-25 4.10361953e-25]
[3.90412454e-25 3.90412454e-25 3.90412454e-25]
[3.72313659e-25 3.72313659e-25 3.72313659e-25]
[3.56232951e-25 3.56232951e-25 3.56232951e-25]
[3.45448289e-25 3.45448289e-25 3.45448289e-25]
[3.33289226e-25 3.33289226e-25 3.33289226e-25]
[3.22608196e-25 3.22608196e-25 3.22608196e-25]
[3.11109644e-25 3.11109644e-25 3.11109644e-25]
[2.99090696e-25 2.99090696e-25 2.99090696e-25]
[2.87308156e-25 2.87308156e-25 2.87308156e-25]
[2.76929759e-25 2.76929759e-25 2.76929759e-25]
[2.62402248e-25 2.62402248e-25 2.62402248e-25]
[2.49817777e-25 2.49817777e-25 2.49817777e-25]
[2.33233317e-25 2.33233317e-25 2.33233317e-25]
[2.16184871e-25 2.16184871e-25 2.16184871e-25]
[2.0177307e-25 2.0177307e-25 2.0177307e-25]
[1.88051261e-25 1.88051261e-25 1.88051261e-25]
[1.74998154e-25 1.74998154e-25 1.74998154e-25]
[1.65110082e-25 1.65110082e-25 1.65110082e-25]
[1.56562161e-25 1.56562161e-25 1.56562161e-25]
[1.49440981e-25 1.49440981e-25 1.49440981e-25]
[1.44503976e-25 1.44503976e-25 1.44503976e-25]
[1.41481124e-25 1.41481124e-25 1.41481124e-25]
[1.37500331e-25 1.37500331e-25 1.37500331e-25]
[1.32604518e-25 1.32604518e-25 1.32604518e-25]
[1.2827432e-25 1.2827432e-25 1.2827432e-25]
[1.22923535e-25 1.22923535e-25 1.22923535e-25]
[1.19215142e-25 1.19215142e-25 1.19215142e-25]
[1.14960248e-25 1.14960248e-25 1.14960248e-25]
[1.09456583e-25 1.09456583e-25 1.09456583e-25]
[1.03229828e-25 1.03229828e-25 1.03229828e-25]
[9.64947652e-26 9.64947652e-26 9.64947652e-26]
[8.83952514e-26 8.83952514e-26 8.83952514e-26]
[8.03988108e-26 8.03988108e-26 8.03988108e-26]
[7.26614149e-26 7.26614149e-26 7.26614149e-26]
[6.45234634e-26 6.45234634e-26 6.45234634e-26]
[5.78257545e-26 5.78257545e-26 5.78257545e-26]
[5.17976897e-26 5.17976897e-26 5.17976897e-26]
[4.68673656e-26 4.68673656e-26 4.68673656e-26]
[4.2183699e-26 4.2183699e-26 4.2183699e-26]
[3.72304709e-26 3.72304709e-26 3.72304709e-26]
[3.21074228e-26 3.21074228e-26 3.21074228e-26]
[2.73633387e-26 2.73633387e-26 2.73633387e-26]
[2.19334045e-26 2.19334045e-26 2.19334045e-26]
[1.78073978e-26 1.78073978e-26 1.78073978e-26]
[1.41109259e-26 1.41109259e-26 1.41109259e-26]
[1.01167342e-26 1.01167342e-26 1.01167342e-26]
[7.53695636e-27 7.53695636e-27 7.53695636e-27]
[5.33613891e-27 5.33613891e-27 5.33613891e-27]
[3.23074287e-27 3.23074287e-27 3.23074287e-27]
[1.81717501e-27 1.81717501e-27 1.81717501e-27]
[5.96369521e-28 5.96369521e-28 5.96369521e-28]
[4.43142233e-29 4.43142233e-29 4.43142233e-29]
[1.33410146e-28 1.33410146e-28 1.33410146e-28]
[7.70582641e-28 7.70582641e-28 7.70582641e-28]
[2.45221555e-27 2.45221555e-27 2.45221555e-27]
[5.40233216e-27 5.40233216e-27 5.40233216e-27]
[8.82255292e-27 8.82255292e-27 8.82255292e-27]
[1.32813723e-26 1.32813723e-26 1.32813723e-26]
[1.79877772e-26 1.79877772e-26 1.79877772e-26]
[2.43674343e-26 2.43674343e-26 2.43674343e-26]
[3.26696808e-26 3.26696808e-26 3.26696808e-26]
[4.08297091e-26 4.08297091e-26 4.08297091e-26]
[5.08955199e-26 5.08955199e-26 5.08955199e-26]
[6.15173768e-26 6.15173768e-26 6.15173768e-26]
[7.4472207e-26 7.4472207e-26 7.4472207e-26]
[8.73464953e-26 8.73464953e-26 8.73464953e-26]
[1.04523158e-25 1.04523158e-25 1.04523158e-25]
[1.23396029e-25 1.23396029e-25 1.23396029e-25]
[1.41987834e-25 1.41987834e-25 1.41987834e-25]
[1.6385514e-25 1.6385514e-25 1.6385514e-25]
[1.84035362e-25 1.84035362e-25 1.84035362e-25]
[2.0038601e-25 2.0038601e-25 2.0038601e-25]
[2.22431078e-25 2.22431078e-25 2.22431078e-25]
[2.4606628e-25 2.4606628e-25 2.4606628e-25]
[2.7205176e-25 2.7205176e-25 2.7205176e-25]
[2.99827701e-25 2.99827701e-25 2.99827701e-25]
[3.27680591e-25 3.27680591e-25 3.27680591e-25]
[3.54122886e-25 3.54122886e-25 3.54122886e-25]
[3.82140329e-25 3.82140329e-25 3.82140329e-25]
[4.11793802e-25 4.11793802e-25 4.11793802e-25]
[4.40784704e-25 4.40784704e-25 4.40784704e-25]
[4.68022655e-25 4.68022655e-25 4.68022655e-25]
[4.97955621e-25 4.97955621e-25 4.97955621e-25]
[5.23984274e-25 5.23984274e-25 5.23984274e-25]
[5.50675015e-25 5.50675015e-25 5.50675015e-25]
[5.82088121e-25 5.82088121e-25 5.82088121e-25]
[6.16811198e-25 6.16811198e-25 6.16811198e-25]
[6.46099592e-25 6.46099592e-25 6.46099592e-25]
[6.77162831e-25 6.77162831e-25 6.77162831e-25]
[7.03357653e-25 7.03357653e-25 7.03357653e-25]
[7.34229579e-25 7.34229579e-25 7.34229579e-25]
[7.68097626e-25 7.68097626e-25 7.68097626e-25]
[8.00344345e-25 8.00344345e-25 8.00344345e-25]
[8.29609718e-25 8.29609718e-25 8.29609718e-25]
[8.67653862e-25 8.67653862e-25 8.67653862e-25]
[9.03593269e-25 9.03593269e-25 9.03593269e-25]
[9.41985038e-25 9.41985038e-25 9.41985038e-25]
[9.88226588e-25 9.88226588e-25 9.88226588e-25]
[1.03557654e-24 1.03557654e-24 1.03557654e-24]
[1.08495895e-24 1.08495895e-24 1.08495895e-24]
[1.13785885e-24 1.13785885e-24 1.13785885e-24]
[1.18427281e-24 1.18427281e-24 1.18427281e-24]
[1.23309355e-24 1.23309355e-24 1.23309355e-24]
[1.28290011e-24 1.28290011e-24 1.28290011e-24]
[1.32754654e-24 1.32754654e-24 1.32754654e-24]
[1.36568131e-24 1.36568131e-24 1.36568131e-24]
[1.40119947e-24 1.40119947e-24 1.40119947e-24]
[1.43451316e-24 1.43451316e-24 1.43451316e-24]
[1.4784592e-24 1.4784592e-24 1.4784592e-24]
[1.52690684e-24 1.52690684e-24 1.52690684e-24]
[1.57669393e-24 1.57669393e-24 1.57669393e-24]
[1.62444928e-24 1.62444928e-24 1.62444928e-24]
[1.6717674e-24 1.6717674e-24 1.6717674e-24]
[1.7127831e-24 1.7127831e-24 1.7127831e-24]
[1.7501812e-24 1.7501812e-24 1.7501812e-24]
[1.77375972e-24 1.77375972e-24 1.77375972e-24]
[1.7879829e-24 1.7879829e-24 1.7879829e-24]
[1.80285912e-24 1.80285912e-24 1.80285912e-24]
[1.81420538e-24 1.81420538e-24 1.81420538e-24]
[1.81839547e-24 1.81839547e-24 1.81839547e-24]
[1.82259009e-24 1.82259009e-24 1.82259009e-24]
[1.83039238e-24 1.83039238e-24 1.83039238e-24]
[1.84001925e-24 1.84001925e-24 1.84001925e-24]
[1.85874118e-24 1.85874118e-24 1.85874118e-24]
[1.87330042e-24 1.87330042e-24 1.87330042e-24]
[1.88303725e-24 1.88303725e-24 1.88303725e-24]
[1.8952443e-24 1.8952443e-24 1.8952443e-24]
[1.91547314e-24 1.91547314e-24 1.91547314e-24]
[1.93025156e-24 1.93025156e-24 1.93025156e-24]
[1.94013691e-24 1.94013691e-24 1.94013691e-24]
[1.9550103e-24 1.9550103e-24 1.9550103e-24]
[1.97430752e-24 1.97430752e-24 1.97430752e-24]
[1.99181789e-24 1.99181789e-24 1.99181789e-24]
[2.01381519e-24 2.01381519e-24 2.01381519e-24]
[2.03339823e-24 2.03339823e-24 2.03339823e-24]
[2.044811e-24 2.044811e-24 2.044811e-24]
[2.04290635e-24 2.04290635e-24 2.04290635e-24]
[2.03466278e-24 2.03466278e-24 2.03466278e-24]
[2.02201369e-24 2.02201369e-24 2.02201369e-24]
[1.99934324e-24 1.99934324e-24 1.99934324e-24]
[1.99181514e-24 1.99181514e-24 1.99181514e-24]
[1.9761778e-24 1.9761778e-24 1.9761778e-24]
[1.95625085e-24 1.95625085e-24 1.95625085e-24]
[1.93518882e-24 1.93518882e-24 1.93518882e-24]
[1.90810147e-24 1.90810147e-24 1.90810147e-24]
[1.88669153e-24 1.88669153e-24 1.88669153e-24]
[1.85631573e-24 1.85631573e-24 1.85631573e-24]
[1.82738484e-24 1.82738484e-24 1.82738484e-24]
[1.79392164e-24 1.79392164e-24 1.79392164e-24]
[1.760177e-24 1.760177e-24 1.760177e-24]
[1.72325545e-24 1.72325545e-24 1.72325545e-24]
[1.68614657e-24 1.68614657e-24 1.68614657e-24]
[1.64032925e-24 1.64032925e-24 1.64032925e-24]
[1.59009854e-24 1.59009854e-24 1.59009854e-24]
[1.54285566e-24 1.54285566e-24 1.54285566e-24]
[1.49686797e-24 1.49686797e-24 1.49686797e-24]
[1.4462308e-24 1.4462308e-24 1.4462308e-24]
[1.38912702e-24 1.38912702e-24 1.38912702e-24]
[1.33214886e-24 1.33214886e-24 1.33214886e-24]
[1.27536109e-24 1.27536109e-24 1.27536109e-24]
[1.21686891e-24 1.21686891e-24 1.21686891e-24]
[1.15783729e-24 1.15783729e-24 1.15783729e-24]
[1.09980688e-24 1.09980688e-24 1.09980688e-24]
[1.03873775e-24 1.03873775e-24 1.03873775e-24]
[9.81610946e-25 9.81610946e-25 9.81610946e-25]
[9.32951489e-25 9.32951489e-25 9.32951489e-25]
[8.83022702e-25 8.83022702e-25 8.83022702e-25]
[8.31629838e-25 8.31629838e-25 8.31629838e-25]
[7.84134648e-25 7.84134648e-25 7.84134648e-25]
[7.39945042e-25 7.39945042e-25 7.39945042e-25]
[6.98150052e-25 6.98150052e-25 6.98150052e-25]
[6.5720993e-25 6.5720993e-25 6.5720993e-25]
[6.2135071e-25 6.2135071e-25 6.2135071e-25]
[5.87518815e-25 5.87518815e-25 5.87518815e-25]
[5.58609635e-25 5.58609635e-25 5.58609635e-25]
[5.26233462e-25 5.26233462e-25 5.26233462e-25]
[4.93107399e-25 4.93107399e-25 4.93107399e-25]
[4.59250364e-25 4.59250364e-25 4.59250364e-25]
[4.29357603e-25 4.29357603e-25 4.29357603e-25]
[4.00048595e-25 4.00048595e-25 4.00048595e-25]
[3.71234919e-25 3.71234919e-25 3.71234919e-25]
[3.39993442e-25 3.39993442e-25 3.39993442e-25]
[3.0950662e-25 3.0950662e-25 3.0950662e-25]
[2.83280856e-25 2.83280856e-25 2.83280856e-25]
[2.58780394e-25 2.58780394e-25 2.58780394e-25]
[2.36574607e-25 2.36574607e-25 2.36574607e-25]
[2.155706e-25 2.155706e-25 2.155706e-25]
[1.97906855e-25 1.97906855e-25 1.97906855e-25]
[1.80903411e-25 1.80903411e-25 1.80903411e-25]
[1.67196122e-25 1.67196122e-25 1.67196122e-25]
[1.53245242e-25 1.53245242e-25 1.53245242e-25]
[1.40733779e-25 1.40733779e-25 1.40733779e-25]
[1.32527067e-25 1.32527067e-25 1.32527067e-25]
[1.24645183e-25 1.24645183e-25 1.24645183e-25]
[1.16170862e-25 1.16170862e-25 1.16170862e-25]
[1.0683077e-25 1.0683077e-25 1.0683077e-25]
[9.93462648e-26 9.93462648e-26 9.93462648e-26]
[9.35540158e-26 9.35540158e-26 9.35540158e-26]
[8.73444445e-26 8.73444445e-26 8.73444445e-26]
[7.92091555e-26 7.92091555e-26 7.92091555e-26]
[7.1352623e-26 7.1352623e-26 7.1352623e-26]
[6.35700403e-26 6.35700403e-26 6.35700403e-26]
[5.41503661e-26 5.41503661e-26 5.41503661e-26]
[4.56278193e-26 4.56278193e-26 4.56278193e-26]
[3.72321864e-26 3.72321864e-26 3.72321864e-26]
[3.08873142e-26 3.08873142e-26 3.08873142e-26]
[2.5346303e-26 2.5346303e-26 2.5346303e-26]
[2.07347019e-26 2.07347019e-26 2.07347019e-26]
[1.69596343e-26 1.69596343e-26 1.69596343e-26]
[1.37712589e-26 1.37712589e-26 1.37712589e-26]
[1.14545272e-26 1.14545272e-26 1.14545272e-26]
[8.82194191e-27 8.82194191e-27 8.82194191e-27]
[6.56860508e-27 6.56860508e-27 6.56860508e-27]
[4.36380962e-27 4.36380962e-27 4.36380962e-27]
[2.3004016e-27 2.3004016e-27 2.3004016e-27]
[8.85350767e-28 8.85350767e-28 8.85350767e-28]
[1.46468249e-28 1.46468249e-28 1.46468249e-28]
[2.17348905e-29 2.17348905e-29 2.17348905e-29]
[3.19458359e-28 3.19458359e-28 3.19458359e-28]
[9.38861961e-28 9.38861961e-28 9.38861961e-28]
[1.81743384e-27 1.81743384e-27 1.81743384e-27]
[2.98356256e-27 2.98356256e-27 2.98356256e-27]
[4.39292201e-27 4.39292201e-27 4.39292201e-27]
[7.08188385e-27 7.08188385e-27 7.08188385e-27]
[1.01397134e-26 1.01397134e-26 1.01397134e-26]
[1.2848807e-26 1.2848807e-26 1.2848807e-26]
[1.70751299e-26 1.70751299e-26 1.70751299e-26]
[2.19013665e-26 2.19013665e-26 2.19013665e-26]
[2.69983013e-26 2.69983013e-26 2.69983013e-26]
[3.24676387e-26 3.24676387e-26 3.24676387e-26]
[3.98025981e-26 3.98025981e-26 3.98025981e-26]
[4.80783446e-26 4.80783446e-26 4.80783446e-26]
[5.76138809e-26 5.76138809e-26 5.76138809e-26]
[6.73185853e-26 6.73185853e-26 6.73185853e-26]
[7.54426204e-26 7.54426204e-26 7.54426204e-26]
[8.45451194e-26 8.45451194e-26 8.45451194e-26]
[9.33501803e-26 9.33501803e-26 9.33501803e-26]
[1.02377932e-25 1.02377932e-25 1.02377932e-25]
[1.11599875e-25 1.11599875e-25 1.11599875e-25]
[1.21761058e-25 1.21761058e-25 1.21761058e-25]
[1.29472716e-25 1.29472716e-25 1.29472716e-25]
[1.35943186e-25 1.35943186e-25 1.35943186e-25]
[1.40899694e-25 1.40899694e-25 1.40899694e-25]
[1.45182585e-25 1.45182585e-25 1.45182585e-25]
[1.49271953e-25 1.49271953e-25 1.49271953e-25]
[1.54987775e-25 1.54987775e-25 1.54987775e-25]
[1.60366252e-25 1.60366252e-25 1.60366252e-25]
[1.6755896e-25 1.6755896e-25 1.6755896e-25]
[1.70847034e-25 1.70847034e-25 1.70847034e-25]
[1.73796317e-25 1.73796317e-25 1.73796317e-25]
[1.79018866e-25 1.79018866e-25 1.79018866e-25]
[1.85655748e-25 1.85655748e-25 1.85655748e-25]
[1.94463972e-25 1.94463972e-25 1.94463972e-25]
[2.03977637e-25 2.03977637e-25 2.03977637e-25]
[2.16395942e-25 2.16395942e-25 2.16395942e-25]
[2.3035144e-25 2.3035144e-25 2.3035144e-25]
[2.45183329e-25 2.45183329e-25 2.45183329e-25]
[2.57765127e-25 2.57765127e-25 2.57765127e-25]
[2.65030211e-25 2.65030211e-25 2.65030211e-25]
[2.69737569e-25 2.69737569e-25 2.69737569e-25]
[2.72628201e-25 2.72628201e-25 2.72628201e-25]
[2.77168643e-25 2.77168643e-25 2.77168643e-25]
[2.83990273e-25 2.83990273e-25 2.83990273e-25]
[2.92333597e-25 2.92333597e-25 2.92333597e-25]
[3.04707667e-25 3.04707667e-25 3.04707667e-25]
[3.18966521e-25 3.18966521e-25 3.18966521e-25]
[3.3316593e-25 3.3316593e-25 3.3316593e-25]
[3.48067569e-25 3.48067569e-25 3.48067569e-25]
[3.61958615e-25 3.61958615e-25 3.61958615e-25]
[3.76802515e-25 3.76802515e-25 3.76802515e-25]
[3.90694457e-25 3.90694457e-25 3.90694457e-25]
[4.04414828e-25 4.04414828e-25 4.04414828e-25]
[4.22114061e-25 4.22114061e-25 4.22114061e-25]
[4.41666636e-25 4.41666636e-25 4.41666636e-25]
[4.58649542e-25 4.58649542e-25 4.58649542e-25]
[4.70910334e-25 4.70910334e-25 4.70910334e-25]
[4.82407527e-25 4.82407527e-25 4.82407527e-25]
[4.93887476e-25 4.93887476e-25 4.93887476e-25]
[5.09932775e-25 5.09932775e-25 5.09932775e-25]
[5.29784351e-25 5.29784351e-25 5.29784351e-25]
[5.52157044e-25 5.52157044e-25 5.52157044e-25]
[5.75834585e-25 5.75834585e-25 5.75834585e-25]
[5.94517934e-25 5.94517934e-25 5.94517934e-25]
[6.12977743e-25 6.12977743e-25 6.12977743e-25]
[6.34547522e-25 6.34547522e-25 6.34547522e-25]
[6.53075561e-25 6.53075561e-25 6.53075561e-25]
[6.66965961e-25 6.66965961e-25 6.66965961e-25]
[6.82102578e-25 6.82102578e-25 6.82102578e-25]
[6.95370234e-25 6.95370234e-25 6.95370234e-25]
[7.10074838e-25 7.10074838e-25 7.10074838e-25]
[7.24366607e-25 7.24366607e-25 7.24366607e-25]
[7.34797321e-25 7.34797321e-25 7.34797321e-25]
[7.49142144e-25 7.49142144e-25 7.49142144e-25]
[7.65955833e-25 7.65955833e-25 7.65955833e-25]
[7.84922684e-25 7.84922684e-25 7.84922684e-25]
[8.13306031e-25 8.13306031e-25 8.13306031e-25]
[8.39343081e-25 8.39343081e-25 8.39343081e-25]
[8.65171056e-25 8.65171056e-25 8.65171056e-25]
[8.90760992e-25 8.90760992e-25 8.90760992e-25]
[9.15660992e-25 9.15660992e-25 9.15660992e-25]
[9.39613005e-25 9.39613005e-25 9.39613005e-25]
[9.654002e-25 9.654002e-25 9.654002e-25]
[9.88664224e-25 9.88664224e-25 9.88664224e-25]
[9.99733513e-25 9.99733513e-25 9.99733513e-25]
[1.00707408e-24 1.00707408e-24 1.00707408e-24]
[1.01891819e-24 1.01891819e-24 1.01891819e-24]
[1.0292547e-24 1.0292547e-24 1.0292547e-24]
[1.04258849e-24 1.04258849e-24 1.04258849e-24]
[1.050312e-24 1.050312e-24 1.050312e-24]
[1.0624083e-24 1.0624083e-24 1.0624083e-24]
[1.07181218e-24 1.07181218e-24 1.07181218e-24]
[1.08125817e-24 1.08125817e-24 1.08125817e-24]
[1.08819641e-24 1.08819641e-24 1.08819641e-24]
[1.09306606e-24 1.09306606e-24 1.09306606e-24]
[1.09864424e-24 1.09864424e-24 1.09864424e-24]
[1.10703904e-24 1.10703904e-24 1.10703904e-24]
[1.10914222e-24 1.10914222e-24 1.10914222e-24]
[1.10050717e-24 1.10050717e-24 1.10050717e-24]
[1.09190496e-24 1.09190496e-24 1.09190496e-24]
[1.08079598e-24 1.08079598e-24 1.08079598e-24]
[1.06997259e-24 1.06997259e-24 1.06997259e-24]
[1.05463991e-24 1.05463991e-24 1.05463991e-24]
[1.04599278e-24 1.04599278e-24 1.04599278e-24]
[1.03783339e-24 1.03783339e-24 1.03783339e-24]
[1.03241133e-24 1.03241133e-24 1.03241133e-24]
[1.0299304e-24 1.0299304e-24 1.0299304e-24]
[1.02610335e-24 1.02610335e-24 1.02610335e-24]
[1.02071162e-24 1.02071162e-24 1.02071162e-24]
[1.00930251e-24 1.00930251e-24 1.00930251e-24]
[9.92199251e-25 9.92199251e-25 9.92199251e-25]
[9.73926914e-25 9.73926914e-25 9.73926914e-25]
[9.56693356e-25 9.56693356e-25 9.56693356e-25]
[9.37892116e-25 9.37892116e-25 9.37892116e-25]
[9.20127776e-25 9.20127776e-25 9.20127776e-25]
[9.04433003e-25 9.04433003e-25 9.04433003e-25]
[8.90969343e-25 8.90969343e-25 8.90969343e-25]
[8.83231776e-25 8.83231776e-25 8.83231776e-25]
[8.66203226e-25 8.66203226e-25 8.66203226e-25]
[8.52822197e-25 8.52822197e-25 8.52822197e-25]
[8.4586459e-25 8.4586459e-25 8.4586459e-25]
[8.43619104e-25 8.43619104e-25 8.43619104e-25]
[8.38528178e-25 8.38528178e-25 8.38528178e-25]
[8.38324464e-25 8.38324464e-25 8.38324464e-25]
[8.40562103e-25 8.40562103e-25 8.40562103e-25]
[8.38731122e-25 8.38731122e-25 8.38731122e-25]
[8.34667992e-25 8.34667992e-25 8.34667992e-25]
[8.33856946e-25 8.33856946e-25 8.33856946e-25]
[8.33046492e-25 8.33046492e-25 8.33046492e-25]
[8.34465739e-25 8.34465739e-25 8.34465739e-25]
[8.35682999e-25 8.35682999e-25 8.35682999e-25]
[8.38121371e-25 8.38121371e-25 8.38121371e-25]
[8.36089808e-25 8.36089808e-25 8.36089808e-25]
[8.38730924e-25 8.38730924e-25 8.38730924e-25]
[8.54257382e-25 8.54257382e-25 8.54257382e-25]
[8.66202015e-25 8.66202015e-25 8.66202015e-25]
[8.72826846e-25 8.72826846e-25 8.72826846e-25]
[8.73241786e-25 8.73241786e-25 8.73241786e-25]
[8.759411e-25 8.759411e-25 8.759411e-25]
[8.74902332e-25 8.74902332e-25 8.74902332e-25]
[8.80935566e-25 8.80935566e-25 8.80935566e-25]
[8.90548369e-25 8.90548369e-25 8.90548369e-25]
[9.03798579e-25 9.03798579e-25 9.03798579e-25]
[9.13747229e-25 9.13747229e-25 9.13747229e-25]
[9.23324186e-25 9.23324186e-25 9.23324186e-25]
[9.34023946e-25 9.34023946e-25 9.34023946e-25]
[9.43490402e-25 9.43490402e-25 9.43490402e-25]
[9.56909703e-25 9.56909703e-25 9.56909703e-25]
[9.72611717e-25 9.72611717e-25 9.72611717e-25]
[9.93304579e-25 9.93304579e-25 9.93304579e-25]
[1.01466254e-24 1.01466254e-24 1.01466254e-24]
[1.03918864e-24 1.03918864e-24 1.03918864e-24]
[1.06515359e-24 1.06515359e-24 1.06515359e-24]
[1.08472113e-24 1.08472113e-24 1.08472113e-24]
[1.09492176e-24 1.09492176e-24 1.09492176e-24]
[1.1079726e-24 1.1079726e-24 1.1079726e-24]
[1.12157194e-24 1.12157194e-24 1.12157194e-24]
[1.13904135e-24 1.13904135e-24 1.13904135e-24]
[1.15951225e-24 1.15951225e-24 1.15951225e-24]
[1.18185554e-24 1.18185554e-24 1.18185554e-24]
[1.20051626e-24 1.20051626e-24 1.20051626e-24]
[1.22177555e-24 1.22177555e-24 1.22177555e-24]
[1.23679365e-24 1.23679365e-24 1.23679365e-24]
[1.24966778e-24 1.24966778e-24 1.24966778e-24]
[1.27035524e-24 1.27035524e-24 1.27035524e-24]
[1.29676862e-24 1.29676862e-24 1.29676862e-24]
[1.32473056e-24 1.32473056e-24 1.32473056e-24]
[1.3509276e-24 1.3509276e-24 1.3509276e-24]
[1.38311842e-24 1.38311842e-24 1.38311842e-24]
[1.42177256e-24 1.42177256e-24 1.42177256e-24]
[1.45961675e-24 1.45961675e-24 1.45961675e-24]
[1.49659976e-24 1.49659976e-24 1.49659976e-24]
[1.53019711e-24 1.53019711e-24 1.53019711e-24]
[1.57529636e-24 1.57529636e-24 1.57529636e-24]
[1.62104976e-24 1.62104976e-24 1.62104976e-24]
[1.6648797e-24 1.6648797e-24 1.6648797e-24]
[1.70552049e-24 1.70552049e-24 1.70552049e-24]
[1.75399632e-24 1.75399632e-24 1.75399632e-24]
[1.80434576e-24 1.80434576e-24 1.80434576e-24]
[1.85691995e-24 1.85691995e-24 1.85691995e-24]
[1.90994103e-24 1.90994103e-24 1.90994103e-24]
[1.95935378e-24 1.95935378e-24 1.95935378e-24]
[2.01948299e-24 2.01948299e-24 2.01948299e-24]
[2.09014036e-24 2.09014036e-24 2.09014036e-24]
[2.16364539e-24 2.16364539e-24 2.16364539e-24]
[2.24806575e-24 2.24806575e-24 2.24806575e-24]
[2.33919165e-24 2.33919165e-24 2.33919165e-24]
[2.41967968e-24 2.41967968e-24 2.41967968e-24]
[2.50574589e-24 2.50574589e-24 2.50574589e-24]
[2.5836702e-24 2.5836702e-24 2.5836702e-24]
[2.66677167e-24 2.66677167e-24 2.66677167e-24]
[2.74015351e-24 2.74015351e-24 2.74015351e-24]
[2.8260922e-24 2.8260922e-24 2.8260922e-24]
[2.9239772e-24 2.9239772e-24 2.9239772e-24]
[3.03860633e-24 3.03860633e-24 3.03860633e-24]
[3.15780602e-24 3.15780602e-24 3.15780602e-24]
[3.27969989e-24 3.27969989e-24 3.27969989e-24]
[3.4075912e-24 3.4075912e-24 3.4075912e-24]
[3.52832993e-24 3.52832993e-24 3.52832993e-24]
[3.63929826e-24 3.63929826e-24 3.63929826e-24]
[3.76059165e-24 3.76059165e-24 3.76059165e-24]
[3.91237082e-24 3.91237082e-24 3.91237082e-24]
[4.08104675e-24 4.08104675e-24 4.08104675e-24]
[4.24778814e-24 4.24778814e-24 4.24778814e-24]
[4.40853873e-24 4.40853873e-24 4.40853873e-24]
[4.55188136e-24 4.55188136e-24 4.55188136e-24]
[4.69751676e-24 4.69751676e-24 4.69751676e-24]
[4.8650165e-24 4.8650165e-24 4.8650165e-24]
[5.04841265e-24 5.04841265e-24 5.04841265e-24]
[5.23774542e-24 5.23774542e-24 5.23774542e-24]
[5.43832635e-24 5.43832635e-24 5.43832635e-24]
[5.64214816e-24 5.64214816e-24 5.64214816e-24]
[5.86046633e-24 5.86046633e-24 5.86046633e-24]
[6.08073601e-24 6.08073601e-24 6.08073601e-24]
[6.30061064e-24 6.30061064e-24 6.30061064e-24]
[6.5340345e-24 6.5340345e-24 6.5340345e-24]
[6.76881692e-24 6.76881692e-24 6.76881692e-24]
[7.00304289e-24 7.00304289e-24 7.00304289e-24]
[7.23647228e-24 7.23647228e-24 7.23647228e-24]
[7.48283616e-24 7.48283616e-24 7.48283616e-24]
[7.72468151e-24 7.72468151e-24 7.72468151e-24]
[7.95283102e-24 7.95283102e-24 7.95283102e-24]
[8.18620792e-24 8.18620792e-24 8.18620792e-24]
[8.40106037e-24 8.40106037e-24 8.40106037e-24]
[8.62587368e-24 8.62587368e-24 8.62587368e-24]
[8.85430903e-24 8.85430903e-24 8.85430903e-24]
[9.10113408e-24 9.10113408e-24 9.10113408e-24]
[9.37988986e-24 9.37988986e-24 9.37988986e-24]
[9.64146589e-24 9.64146589e-24 9.64146589e-24]
[9.88010429e-24 9.88010429e-24 9.88010429e-24]
[1.01110629e-23 1.01110629e-23 1.01110629e-23]
[1.03482611e-23 1.03482611e-23 1.03482611e-23]
[1.05990493e-23 1.05990493e-23 1.05990493e-23]
[1.08564978e-23 1.08564978e-23 1.08564978e-23]
[1.10807883e-23 1.10807883e-23 1.10807883e-23]
[1.12969176e-23 1.12969176e-23 1.12969176e-23]
[1.15023331e-23 1.15023331e-23 1.15023331e-23]
[1.17088403e-23 1.17088403e-23 1.17088403e-23]
[1.19118213e-23 1.19118213e-23 1.19118213e-23]
[1.21436097e-23 1.21436097e-23 1.21436097e-23]
[1.24089015e-23 1.24089015e-23 1.24089015e-23]
[1.26762677e-23 1.26762677e-23 1.26762677e-23]
[1.29177384e-23 1.29177384e-23 1.29177384e-23]
[1.3180016e-23 1.3180016e-23 1.3180016e-23]
[1.34693716e-23 1.34693716e-23 1.34693716e-23]
[1.37495161e-23 1.37495161e-23 1.37495161e-23]
[1.40416917e-23 1.40416917e-23 1.40416917e-23]
[1.43453504e-23 1.43453504e-23 1.43453504e-23]
[1.46327152e-23 1.46327152e-23 1.46327152e-23]
[1.49263593e-23 1.49263593e-23 1.49263593e-23]
[1.52211947e-23 1.52211947e-23 1.52211947e-23]
[1.55031674e-23 1.55031674e-23 1.55031674e-23]
[1.57797877e-23 1.57797877e-23 1.57797877e-23]
[1.60677543e-23 1.60677543e-23 1.60677543e-23]
[1.63735963e-23 1.63735963e-23 1.63735963e-23]
[1.66932075e-23 1.66932075e-23 1.66932075e-23]
[1.6993928e-23 1.6993928e-23 1.6993928e-23]
[1.73111917e-23 1.73111917e-23 1.73111917e-23]
[1.76705695e-23 1.76705695e-23 1.76705695e-23]
[1.80204436e-23 1.80204436e-23 1.80204436e-23]
[1.83737428e-23 1.83737428e-23 1.83737428e-23]
[1.87554646e-23 1.87554646e-23 1.87554646e-23]
[1.91391672e-23 1.91391672e-23 1.91391672e-23]
[1.95267542e-23 1.95267542e-23 1.95267542e-23]
[1.98934624e-23 1.98934624e-23 1.98934624e-23]
[2.0277577e-23 2.0277577e-23 2.0277577e-23]
[2.07067775e-23 2.07067775e-23 2.07067775e-23]
[2.11251605e-23 2.11251605e-23 2.11251605e-23]
[2.15508134e-23 2.15508134e-23 2.15508134e-23]
[2.19807129e-23 2.19807129e-23 2.19807129e-23]
[2.24022539e-23 2.24022539e-23 2.24022539e-23]
[2.28320353e-23 2.28320353e-23 2.28320353e-23]
[2.33012543e-23 2.33012543e-23 2.33012543e-23]
[2.37709249e-23 2.37709249e-23 2.37709249e-23]
[2.42474631e-23 2.42474631e-23 2.42474631e-23]
[2.47088551e-23 2.47088551e-23 2.47088551e-23]
[2.51801653e-23 2.51801653e-23 2.51801653e-23]
[2.56491892e-23 2.56491892e-23 2.56491892e-23]
[2.61043873e-23 2.61043873e-23 2.61043873e-23]
[2.6546419e-23 2.6546419e-23 2.6546419e-23]
[2.70163977e-23 2.70163977e-23 2.70163977e-23]
[2.75172835e-23 2.75172835e-23 2.75172835e-23]
[2.8018064e-23 2.8018064e-23 2.8018064e-23]
[2.85103182e-23 2.85103182e-23 2.85103182e-23]
[2.89817555e-23 2.89817555e-23 2.89817555e-23]
[2.94703166e-23 2.94703166e-23 2.94703166e-23]
[2.99641685e-23 2.99641685e-23 2.99641685e-23]
[3.04376221e-23 3.04376221e-23 3.04376221e-23]
[3.09296062e-23 3.09296062e-23 3.09296062e-23]
[3.14317562e-23 3.14317562e-23 3.14317562e-23]
[3.19329379e-23 3.19329379e-23 3.19329379e-23]
[3.23900377e-23 3.23900377e-23 3.23900377e-23]
[3.28529436e-23 3.28529436e-23 3.28529436e-23]
[3.33421997e-23 3.33421997e-23 3.33421997e-23]
[3.38531454e-23 3.38531454e-23 3.38531454e-23]
[3.43575747e-23 3.43575747e-23 3.43575747e-23]
[3.48696615e-23 3.48696615e-23 3.48696615e-23]
[3.54040333e-23 3.54040333e-23 3.54040333e-23]
[3.59304874e-23 3.59304874e-23 3.59304874e-23]
[3.65050855e-23 3.65050855e-23 3.65050855e-23]
[3.7080188e-23 3.7080188e-23 3.7080188e-23]
[3.77061384e-23 3.77061384e-23 3.77061384e-23]
[3.83483153e-23 3.83483153e-23 3.83483153e-23]
[3.90139398e-23 3.90139398e-23 3.90139398e-23]
[3.96279655e-23 3.96279655e-23 3.96279655e-23]
[4.02467814e-23 4.02467814e-23 4.02467814e-23]
[4.0832076e-23 4.0832076e-23 4.0832076e-23]
[4.13673117e-23 4.13673117e-23 4.13673117e-23]
[4.19132227e-23 4.19132227e-23 4.19132227e-23]
[4.24800686e-23 4.24800686e-23 4.24800686e-23]
[4.2999751e-23 4.2999751e-23 4.2999751e-23]
[4.35460339e-23 4.35460339e-23 4.35460339e-23]
[4.40397469e-23 4.40397469e-23 4.40397469e-23]
[4.45421791e-23 4.45421791e-23 4.45421791e-23]
[4.51041076e-23 4.51041076e-23 4.51041076e-23]
[4.56785593e-23 4.56785593e-23 4.56785593e-23]
[4.62038109e-23 4.62038109e-23 4.62038109e-23]
[4.67426853e-23 4.67426853e-23 4.67426853e-23]
[4.73091169e-23 4.73091169e-23 4.73091169e-23]
[4.79219866e-23 4.79219866e-23 4.79219866e-23]
[4.84924112e-23 4.84924112e-23 4.84924112e-23]
[4.90599895e-23 4.90599895e-23 4.90599895e-23]
[4.96074116e-23 4.96074116e-23 4.96074116e-23]
[5.01547259e-23 5.01547259e-23 5.01547259e-23]
[5.06939663e-23 5.06939663e-23 5.06939663e-23]
[5.12360932e-23 5.12360932e-23 5.12360932e-23]
[5.17890928e-23 5.17890928e-23 5.17890928e-23]
[5.23289908e-23 5.23289908e-23 5.23289908e-23]
[5.28103565e-23 5.28103565e-23 5.28103565e-23]
[5.33004133e-23 5.33004133e-23 5.33004133e-23]
[5.38318257e-23 5.38318257e-23 5.38318257e-23]
[5.43675146e-23 5.43675146e-23 5.43675146e-23]
[5.49848529e-23 5.49848529e-23 5.49848529e-23]
[5.56205824e-23 5.56205824e-23 5.56205824e-23]
[5.61817058e-23 5.61817058e-23 5.61817058e-23]
[5.66787687e-23 5.66787687e-23 5.66787687e-23]
[5.71998567e-23 5.71998567e-23 5.71998567e-23]
[5.77266998e-23 5.77266998e-23 5.77266998e-23]
[5.82339249e-23 5.82339249e-23 5.82339249e-23]
[5.87688991e-23 5.87688991e-23 5.87688991e-23]
[5.9272128e-23 5.9272128e-23 5.9272128e-23]
[5.97191401e-23 5.97191401e-23 5.97191401e-23]
[6.01850596e-23 6.01850596e-23 6.01850596e-23]
[6.06908364e-23 6.06908364e-23 6.06908364e-23]
[6.11639968e-23 6.11639968e-23 6.11639968e-23]
[6.16581722e-23 6.16581722e-23 6.16581722e-23]
[6.20983204e-23 6.20983204e-23 6.20983204e-23]
[6.25593685e-23 6.25593685e-23 6.25593685e-23]
[6.29745232e-23 6.29745232e-23 6.29745232e-23]
[6.33044609e-23 6.33044609e-23 6.33044609e-23]
[6.36636183e-23 6.36636183e-23 6.36636183e-23]
[6.4059313e-23 6.4059313e-23 6.4059313e-23]
[6.4475855e-23 6.4475855e-23 6.4475855e-23]
[6.48758504e-23 6.48758504e-23 6.48758504e-23]
[6.53057968e-23 6.53057968e-23 6.53057968e-23]
[6.57101508e-23 6.57101508e-23 6.57101508e-23]
[6.60760417e-23 6.60760417e-23 6.60760417e-23]
[6.64936401e-23 6.64936401e-23 6.64936401e-23]
[6.69034761e-23 6.69034761e-23 6.69034761e-23]
[6.72471753e-23 6.72471753e-23 6.72471753e-23]
[6.75680219e-23 6.75680219e-23 6.75680219e-23]
[6.78786624e-23 6.78786624e-23 6.78786624e-23]
[6.82028366e-23 6.82028366e-23 6.82028366e-23]
[6.84451143e-23 6.84451143e-23 6.84451143e-23]
[6.86289421e-23 6.86289421e-23 6.86289421e-23]
[6.87669793e-23 6.87669793e-23 6.87669793e-23]
[6.89088271e-23 6.89088271e-23 6.89088271e-23]
[6.90508355e-23 6.90508355e-23 6.90508355e-23]
[6.92447054e-23 6.92447054e-23 6.92447054e-23]
[6.94332999e-23 6.94332999e-23 6.94332999e-23]
[6.96147366e-23 6.96147366e-23 6.96147366e-23]
[6.97797118e-23 6.97797118e-23 6.97797118e-23]
[6.99207503e-23 6.99207503e-23 6.99207503e-23]
[7.00619312e-23 7.00619312e-23 7.00619312e-23]
[7.01623305e-23 7.01623305e-23 7.01623305e-23]
[7.01995373e-23 7.01995373e-23 7.01995373e-23]
[7.02553496e-23 7.02553496e-23 7.02553496e-23]
[7.02813971e-23 7.02813971e-23 7.02813971e-23]
[7.03409847e-23 7.03409847e-23 7.03409847e-23]
[7.03875493e-23 7.03875493e-23 7.03875493e-23]
[7.04490273e-23 7.04490273e-23 7.04490273e-23]
[7.05571675e-23 7.05571675e-23 7.05571675e-23]
[7.07214023e-23 7.07214023e-23 7.07214023e-23]
[7.08689891e-23 7.08689891e-23 7.08689891e-23]
[7.10504118e-23 7.10504118e-23 7.10504118e-23]
[7.12358328e-23 7.12358328e-23 7.12358328e-23]
[7.13802032e-23 7.13802032e-23 7.13802032e-23]
[7.15228455e-23 7.15228455e-23 7.15228455e-23]
[7.17446006e-23 7.17446006e-23 7.17446006e-23]
[7.19271583e-23 7.19271583e-23 7.19271583e-23]
[7.20797675e-23 7.20797675e-23 7.20797675e-23]
[7.22476513e-23 7.22476513e-23 7.22476513e-23]
[7.2447845e-23 7.2447845e-23 7.2447845e-23]
[7.26180303e-23 7.26180303e-23 7.26180303e-23]
[7.27145672e-23 7.27145672e-23 7.27145672e-23]
[7.27656953e-23 7.27656953e-23 7.27656953e-23]
[7.28585397e-23 7.28585397e-23 7.28585397e-23]
[7.29704022e-23 7.29704022e-23 7.29704022e-23]
[7.31374093e-23 7.31374093e-23 7.31374093e-23]
[7.32685056e-23 7.32685056e-23 7.32685056e-23]
[7.34396552e-23 7.34396552e-23 7.34396552e-23]
[7.36091106e-23 7.36091106e-23 7.36091106e-23]
[7.37406214e-23 7.37406214e-23 7.37406214e-23]
[7.38531662e-23 7.38531662e-23 7.38531662e-23]
[7.39886959e-23 7.39886959e-23 7.39886959e-23]
[7.4166432e-23 7.4166432e-23 7.4166432e-23]
[7.43443813e-23 7.43443813e-23 7.43443813e-23]
[7.44861135e-23 7.44861135e-23 7.44861135e-23]
[7.46260699e-23 7.46260699e-23 7.46260699e-23]
[7.48160851e-23 7.48160851e-23 7.48160851e-23]
[7.50198113e-23 7.50198113e-23 7.50198113e-23]
[7.52469301e-23 7.52469301e-23 7.52469301e-23]
[7.54821009e-23 7.54821009e-23 7.54821009e-23]
[7.56925266e-23 7.56925266e-23 7.56925266e-23]
[7.58626298e-23 7.58626298e-23 7.58626298e-23]
[7.60464738e-23 7.60464738e-23 7.60464738e-23]
[7.62499246e-23 7.62499246e-23 7.62499246e-23]
[7.64342332e-23 7.64342332e-23 7.64342332e-23]
[7.66382054e-23 7.66382054e-23 7.66382054e-23]
[7.68560713e-23 7.68560713e-23 7.68560713e-23]
[7.70547654e-23 7.70547654e-23 7.70547654e-23]
[7.7265411e-23 7.7265411e-23 7.7265411e-23]
[7.74548466e-23 7.74548466e-23 7.74548466e-23]
[7.76092999e-23 7.76092999e-23 7.76092999e-23]
[7.77541132e-23 7.77541132e-23 7.77541132e-23]
[7.78990614e-23 7.78990614e-23 7.78990614e-23]
[7.79912058e-23 7.79912058e-23 7.79912058e-23]
[7.81344197e-23 7.81344197e-23 7.81344197e-23]
[7.83092006e-23 7.83092006e-23 7.83092006e-23]
[7.84920494e-23 7.84920494e-23 7.84920494e-23]
[7.86180135e-23 7.86180135e-23 7.86180135e-23]
[7.87125519e-23 7.87125519e-23 7.87125519e-23]
[7.88426244e-23 7.88426244e-23 7.88426244e-23]
[7.89866098e-23 7.89866098e-23 7.89866098e-23]
[7.91643164e-23 7.91643164e-23 7.91643164e-23]
[7.94174025e-23 7.94174025e-23 7.94174025e-23]
[7.96431284e-23 7.96431284e-23 7.96431284e-23]
[7.98056942e-23 7.98056942e-23 7.98056942e-23]
[7.99942448e-23 7.99942448e-23 7.99942448e-23]
[8.00538463e-23 8.00538463e-23 8.00538463e-23]
[8.00081665e-23 8.00081665e-23 8.00081665e-23]
[7.99227897e-23 7.99227897e-23 7.99227897e-23]
[7.97938123e-23 7.97938123e-23 7.97938123e-23]
[7.9696652e-23 7.9696652e-23 7.9696652e-23]
[7.95599349e-23 7.95599349e-23 7.95599349e-23]
[7.95302293e-23 7.95302293e-23 7.95302293e-23]
[7.94767848e-23 7.94767848e-23 7.94767848e-23]
[7.93204833e-23 7.93204833e-23 7.93204833e-23]
[7.92769904e-23 7.92769904e-23 7.92769904e-23]
[7.91702666e-23 7.91702666e-23 7.91702666e-23]
[7.91248281e-23 7.91248281e-23 7.91248281e-23]
[7.90951962e-23 7.90951962e-23 7.90951962e-23]
[7.90754459e-23 7.90754459e-23 7.90754459e-23]
[7.90833403e-23 7.90833403e-23 7.90833403e-23]
[7.90892643e-23 7.90892643e-23 7.90892643e-23]
[7.91228337e-23 7.91228337e-23 7.91228337e-23]
[7.90458193e-23 7.90458193e-23 7.90458193e-23]
[7.89944998e-23 7.89944998e-23 7.89944998e-23]
[7.90181875e-23 7.90181875e-23 7.90181875e-23]
[7.89826631e-23 7.89826631e-23 7.89826631e-23]
[7.89273956e-23 7.89273956e-23 7.89273956e-23]
[7.88978006e-23 7.88978006e-23 7.88978006e-23]
[7.88563839e-23 7.88563839e-23 7.88563839e-23]
[7.87992011e-23 7.87992011e-23 7.87992011e-23]
[7.87844111e-23 7.87844111e-23 7.87844111e-23]
[7.87400687e-23 7.87400687e-23 7.87400687e-23]
[7.86928033e-23 7.86928033e-23 7.86928033e-23]
[7.86868865e-23 7.86868865e-23 7.86868865e-23]
[7.8640614e-23 7.8640614e-23 7.8640614e-23]
[7.85933516e-23 7.85933516e-23 7.85933516e-23]
[7.86415832e-23 7.86415832e-23 7.86415832e-23]
[7.86947615e-23 7.86947615e-23 7.86947615e-23]
[7.87607738e-23 7.87607738e-23 7.87607738e-23]
[7.88603198e-23 7.88603198e-23 7.88603198e-23]
[7.88918569e-23 7.88918569e-23 7.88918569e-23]
[7.8918488e-23 7.8918488e-23 7.8918488e-23]
[7.89224409e-23 7.89224409e-23 7.89224409e-23]
[7.89165309e-23 7.89165309e-23 7.89165309e-23]
[7.8919482e-23 7.8919482e-23 7.8919482e-23]
[7.88741271e-23 7.88741271e-23 7.88741271e-23]
[7.8834692e-23 7.8834692e-23 7.8834692e-23]
[7.88514661e-23 7.88514661e-23 7.88514661e-23]
[7.88524558e-23 7.88524558e-23 7.88524558e-23]
[7.88830206e-23 7.88830206e-23 7.88830206e-23]
[7.89727773e-23 7.89727773e-23 7.89727773e-23]
[7.90082996e-23 7.90082996e-23 7.90082996e-23]
[7.90902169e-23 7.90902169e-23 7.90902169e-23]
[7.91790996e-23 7.91790996e-23 7.91790996e-23]
[7.9306583e-23 7.9306583e-23 7.9306583e-23]
[7.94322054e-23 7.94322054e-23 7.94322054e-23]
[7.96540043e-23 7.96540043e-23 7.96540043e-23]
[7.98423797e-23 7.98423797e-23 7.98423797e-23]
[7.99654433e-23 7.99654433e-23 7.99654433e-23]
[8.00886094e-23 8.00886094e-23 8.00886094e-23]
[8.02695362e-23 8.02695362e-23 8.02695362e-23]
[8.0483532e-23 8.0483532e-23 8.0483532e-23]
[8.06689004e-23 8.06689004e-23 8.06689004e-23]
[8.09014051e-23 8.09014051e-23 8.09014051e-23]
[8.118525e-23 8.118525e-23 8.118525e-23]
[8.14535671e-23 8.14535671e-23 8.14535671e-23]
[8.17494197e-23 8.17494197e-23 8.17494197e-23]
[8.21011315e-23 8.21011315e-23 8.21011315e-23]
[8.25120918e-23 8.25120918e-23 8.25120918e-23]
[8.29857487e-23 8.29857487e-23 8.29857487e-23]
[8.35611996e-23 8.35611996e-23 8.35611996e-23]
[8.41437307e-23 8.41437307e-23 8.41437307e-23]
[8.4742601e-23 8.4742601e-23 8.4742601e-23]
[8.53497409e-23 8.53497409e-23 8.53497409e-23]
[8.60414183e-23 8.60414183e-23 8.60414183e-23]
[8.67400272e-23 8.67400272e-23 8.67400272e-23]
[8.75099894e-23 8.75099894e-23 8.75099894e-23]
[8.82979546e-23 8.82979546e-23 8.82979546e-23]
[8.90349726e-23 8.90349726e-23 8.90349726e-23]
[8.97897773e-23 8.97897773e-23 8.97897773e-23]
[9.0548841e-23 9.0548841e-23 9.0548841e-23]
[9.12983528e-23 9.12983528e-23 9.12983528e-23]
[9.20850428e-23 9.20850428e-23 9.20850428e-23]
[9.288047e-23 9.288047e-23 9.288047e-23]
[9.35998129e-23 9.35998129e-23 9.35998129e-23]
[9.42788058e-23 9.42788058e-23 9.42788058e-23]
[9.49494383e-23 9.49494383e-23 9.49494383e-23]
[9.5657183e-23 9.5657183e-23 9.5657183e-23]
[9.63315933e-23 9.63315933e-23 9.63315933e-23]
[9.69657312e-23 9.69657312e-23 9.69657312e-23]
[9.76447262e-23 9.76447262e-23 9.76447262e-23]
[9.82985828e-23 9.82985828e-23 9.82985828e-23]
[9.89744973e-23 9.89744973e-23 9.89744973e-23]
[9.9734754e-23 9.9734754e-23 9.9734754e-23]
[1.00544687e-22 1.00544687e-22 1.00544687e-22]
[1.01466328e-22 1.01466328e-22 1.01466328e-22]
[1.02315795e-22 1.02315795e-22 1.02315795e-22]
[1.03209412e-22 1.03209412e-22 1.03209412e-22]
[1.04145416e-22 1.04145416e-22 1.04145416e-22]
[1.05095897e-22 1.05095897e-22 1.05095897e-22]
[1.06055264e-22 1.06055264e-22 1.06055264e-22]
[1.06992571e-22 1.06992571e-22 1.06992571e-22]
[1.07914403e-22 1.07914403e-22 1.07914403e-22]
[1.08855248e-22 1.08855248e-22 1.08855248e-22]
[1.09759458e-22 1.09759458e-22 1.09759458e-22]
[1.10684932e-22 1.10684932e-22 1.10684932e-22]
[1.11653001e-22 1.11653001e-22 1.11653001e-22]
[1.12592307e-22 1.12592307e-22 1.12592307e-22]
[1.13489411e-22 1.13489411e-22 1.13489411e-22]
[1.14417374e-22 1.14417374e-22 1.14417374e-22]
[1.15387274e-22 1.15387274e-22 1.15387274e-22]
[1.16436743e-22 1.16436743e-22 1.16436743e-22]
[1.17580023e-22 1.17580023e-22 1.17580023e-22]
[1.18725264e-22 1.18725264e-22 1.18725264e-22]
[1.19866332e-22 1.19866332e-22 1.19866332e-22]
[1.21083707e-22 1.21083707e-22 1.21083707e-22]
[1.22233575e-22 1.22233575e-22 1.22233575e-22]
[1.23338314e-22 1.23338314e-22 1.23338314e-22]
[1.24481466e-22 1.24481466e-22 1.24481466e-22]
[1.25567674e-22 1.25567674e-22 1.25567674e-22]
[1.26623617e-22 1.26623617e-22 1.26623617e-22]
[1.2759743e-22 1.2759743e-22 1.2759743e-22]
[1.28574978e-22 1.28574978e-22 1.28574978e-22]
[1.29528461e-22 1.29528461e-22 1.29528461e-22]
[1.30405572e-22 1.30405572e-22 1.30405572e-22]
[1.31326358e-22 1.31326358e-22 1.31326358e-22]
[1.32199328e-22 1.32199328e-22 1.32199328e-22]
[1.3314692e-22 1.3314692e-22 1.3314692e-22]
[1.34187901e-22 1.34187901e-22 1.34187901e-22]
[1.35291051e-22 1.35291051e-22 1.35291051e-22]
[1.36419438e-22 1.36419438e-22 1.36419438e-22]
[1.37523882e-22 1.37523882e-22 1.37523882e-22]
[1.38708632e-22 1.38708632e-22 1.38708632e-22]
[1.39908944e-22 1.39908944e-22 1.39908944e-22]
[1.41175116e-22 1.41175116e-22 1.41175116e-22]
[1.42452265e-22 1.42452265e-22 1.42452265e-22]
[1.43789754e-22 1.43789754e-22 1.43789754e-22]
[1.45070627e-22 1.45070627e-22 1.45070627e-22]
[1.46333014e-22 1.46333014e-22 1.46333014e-22]
[1.47556367e-22 1.47556367e-22 1.47556367e-22]
[1.48740122e-22 1.48740122e-22 1.48740122e-22]
[1.49898685e-22 1.49898685e-22 1.49898685e-22]
[1.51008556e-22 1.51008556e-22 1.51008556e-22]
[1.52092386e-22 1.52092386e-22 1.52092386e-22]
[1.53279037e-22 1.53279037e-22 1.53279037e-22]
[1.5438339e-22 1.5438339e-22 1.5438339e-22]
[1.55476491e-22 1.55476491e-22 1.55476491e-22]
[1.5655954e-22 1.5655954e-22 1.5655954e-22]
[1.57646348e-22 1.57646348e-22 1.57646348e-22]
[1.58783094e-22 1.58783094e-22 1.58783094e-22]
[1.60019405e-22 1.60019405e-22 1.60019405e-22]
[1.61264724e-22 1.61264724e-22 1.61264724e-22]
[1.62544587e-22 1.62544587e-22 1.62544587e-22]
[1.63889209e-22 1.63889209e-22 1.63889209e-22]
[1.65286479e-22 1.65286479e-22 1.65286479e-22]
[1.6662949e-22 1.6662949e-22 1.6662949e-22]
[1.68021071e-22 1.68021071e-22 1.68021071e-22]
[1.69380886e-22 1.69380886e-22 1.69380886e-22]
[1.70767955e-22 1.70767955e-22 1.70767955e-22]
[1.7210241e-22 1.7210241e-22 1.7210241e-22]
[1.73342642e-22 1.73342642e-22 1.73342642e-22]
[1.74514009e-22 1.74514009e-22 1.74514009e-22]
[1.75792324e-22 1.75792324e-22 1.75792324e-22]
[1.77119622e-22 1.77119622e-22 1.77119622e-22]
[1.78392615e-22 1.78392615e-22 1.78392615e-22]
[1.79667161e-22 1.79667161e-22 1.79667161e-22]
[1.81013473e-22 1.81013473e-22 1.81013473e-22]
[1.82373794e-22 1.82373794e-22 1.82373794e-22]
[1.83742214e-22 1.83742214e-22 1.83742214e-22]
[1.85118761e-22 1.85118761e-22 1.85118761e-22]
[1.86467108e-22 1.86467108e-22 1.86467108e-22]
[1.87829471e-22 1.87829471e-22 1.87829471e-22]
[1.8929455e-22 1.8929455e-22 1.8929455e-22]
[1.90710108e-22 1.90710108e-22 1.90710108e-22]
[1.92038627e-22 1.92038627e-22 1.92038627e-22]
[1.93540073e-22 1.93540073e-22 1.93540073e-22]
[1.95017917e-22 1.95017917e-22 1.95017917e-22]
[1.96406431e-22 1.96406431e-22 1.96406431e-22]
[1.97818642e-22 1.97818642e-22 1.97818642e-22]
[1.9922807e-22 1.9922807e-22 1.9922807e-22]
[2.00721143e-22 2.00721143e-22 2.00721143e-22]
[2.02240314e-22 2.02240314e-22 2.02240314e-22]
[2.03709733e-22 2.03709733e-22 2.03709733e-22]
[2.05209923e-22 2.05209923e-22 2.05209923e-22]
[2.0675071e-22 2.0675071e-22 2.0675071e-22]
[2.08342178e-22 2.08342178e-22 2.08342178e-22]
[2.09967073e-22 2.09967073e-22 2.09967073e-22]
[2.11533678e-22 2.11533678e-22 2.11533678e-22]
[2.13112596e-22 2.13112596e-22 2.13112596e-22]
[2.14777083e-22 2.14777083e-22 2.14777083e-22]
[2.16431725e-22 2.16431725e-22 2.16431725e-22]
[2.18199297e-22 2.18199297e-22 2.18199297e-22]
[2.19911501e-22 2.19911501e-22 2.19911501e-22]
[2.21636997e-22 2.21636997e-22 2.21636997e-22]
[2.23382501e-22 2.23382501e-22 2.23382501e-22]
[2.25139859e-22 2.25139859e-22 2.25139859e-22]
[2.26939227e-22 2.26939227e-22 2.26939227e-22]
[2.28673584e-22 2.28673584e-22 2.28673584e-22]
[2.30505533e-22 2.30505533e-22 2.30505533e-22]
[2.32360026e-22 2.32360026e-22 2.32360026e-22]
[2.34260986e-22 2.34260986e-22 2.34260986e-22]
[2.36197071e-22 2.36197071e-22 2.36197071e-22]
[2.38060573e-22 2.38060573e-22 2.38060573e-22]
[2.40032861e-22 2.40032861e-22 2.40032861e-22]
[2.41897555e-22 2.41897555e-22 2.41897555e-22]
[2.43857881e-22 2.43857881e-22 2.43857881e-22]
[2.45760032e-22 2.45760032e-22 2.45760032e-22]
[2.47580411e-22 2.47580411e-22 2.47580411e-22]
[2.49428577e-22 2.49428577e-22 2.49428577e-22]
[2.51361018e-22 2.51361018e-22 2.51361018e-22]
[2.53325698e-22 2.53325698e-22 2.53325698e-22]
[2.55219992e-22 2.55219992e-22 2.55219992e-22]
[2.57132019e-22 2.57132019e-22 2.57132019e-22]
[2.59111919e-22 2.59111919e-22 2.59111919e-22]
[2.61077919e-22 2.61077919e-22 2.61077919e-22]
[2.62999131e-22 2.62999131e-22 2.62999131e-22]
[2.64943602e-22 2.64943602e-22 2.64943602e-22]
[2.66839092e-22 2.66839092e-22 2.66839092e-22]
[2.68692135e-22 2.68692135e-22 2.68692135e-22]
[2.7056987e-22 2.7056987e-22 2.7056987e-22]
[2.72589763e-22 2.72589763e-22 2.72589763e-22]
[2.74587764e-22 2.74587764e-22 2.74587764e-22]
[2.76539517e-22 2.76539517e-22 2.76539517e-22]
[2.78427733e-22 2.78427733e-22 2.78427733e-22]
[2.80374431e-22 2.80374431e-22 2.80374431e-22]
[2.82324164e-22 2.82324164e-22 2.82324164e-22]
[2.84226345e-22 2.84226345e-22 2.84226345e-22]
[2.86204446e-22 2.86204446e-22 2.86204446e-22]
[2.88110242e-22 2.88110242e-22 2.88110242e-22]
[2.8993349e-22 2.8993349e-22 2.8993349e-22]
[2.91686632e-22 2.91686632e-22 2.91686632e-22]
[2.93439372e-22 2.93439372e-22 2.93439372e-22]
[2.95142034e-22 2.95142034e-22 2.95142034e-22]
[2.96868773e-22 2.96868773e-22 2.96868773e-22]
[2.98681152e-22 2.98681152e-22 2.98681152e-22]
[3.00458605e-22 3.00458605e-22 3.00458605e-22]
[3.02225897e-22 3.02225897e-22 3.02225897e-22]
[3.03862878e-22 3.03862878e-22 3.03862878e-22]
[3.05399525e-22 3.05399525e-22 3.05399525e-22]
[3.07000348e-22 3.07000348e-22 3.07000348e-22]
