8

2.5 2.5 2.5 
2.5 2.5 7.5 
2.5 7.5 2.5 
2.5 7.5 7.5 
7.5 2.5 2.5 
7.5 2.5 7.5 
7.5 7.5 2.5 
7.5 7.5 7.5 

2.4995017031351905 2.5009029042716686 2.499097090891205 
2.5004982968648095 2.4990970957283314 7.500902909108795 
2.4991769167686217 7.5002246257962755 2.5003065186475517 
2.5008230832313783 7.4997753742037245 7.499693481352448 
7.500180430298287 2.500861161817239 2.5003466923890088 
7.499819569701713 2.499138838182761 7.499653307610991 
7.499517450081806 7.499053196537535 2.4992658112622714 
7.500482549918194 7.500946803462465 7.500734188737729 

2.4990034059207376 2.5018058088853143 2.4981941814323925 
2.5009965940792624 2.4981941911146857 7.501805818567608 
2.4983538331878234 7.5004492512887975 2.500613037567738 
2.5016461668121766 7.4995507487112025 7.499386962432262 
7.5003608609001775 2.5017223239461197 2.500693385050713 
7.4996391390998225 2.4982776760538803 7.499306614949287 
7.49903490046723 7.498106392725096 2.4985316221746534 
7.50096509953277 7.501893607274904 7.501468377825348 

2.4985051083563503 2.502708713841146 2.4972912716228954 
2.5014948916436497 2.497291286158854 7.502708728377106 
2.497530749257538 7.5006738764771805 2.5009195567606386 
2.502469250742462 7.4993261235228195 7.499080443239362 
7.500541291805906 2.5025834863873317 2.5010400779852544 
7.499458708194094 2.4974165136126683 7.498959922014746 
7.498552351156523 7.497159588562061 2.497797432736608 
7.501447648843477 7.502840411437939 7.502202567263394 

2.4980068104417383 2.503611619139372 2.4963883614620457 
2.5019931895582617 2.496388380860628 7.503611638537957 
2.496707664977699 7.500898501361039 2.5012260762263336 
2.503292335022301 7.499101498638961 7.498773923773667 
7.500721723015706 2.503444649141567 2.5013867711927733 
7.499278276984294 2.496555350858433 7.498613228807226 
7.498069802149935 7.496212784047807 2.497063242947598 
7.501930197850065 7.503787215952193 7.502936757052406 

2.4975085121766107 2.504514524780201 2.4954854509491735 
2.5024914878233893 2.495485475219799 7.50451454905083 
2.49588458034824 7.501123125939987 2.501532595964903 
2.50411541965176 7.498876874060013 7.4984674040350985 
7.500902154529814 2.5043058122095196 2.50173346467341 
7.499097845470186 2.4956941877904804 7.4982665353265885 
7.497587253447718 7.495265979181707 2.4963290528070834 
7.502412746552282 7.504734020818293 7.503670947192921 

2.497010213560677 2.50541743076384 2.494582540083608 
2.502989786439323 2.49458256923616 7.505417459916397 
2.495061495369095 7.501347750213638 2.5018391159764253 
2.504938504630905 7.498652249786362 7.4981608840235765 
7.5010825863484625 2.505166975591885 2.502080158427305 
7.4989174136515375 2.494833024408115 7.497919841572693 
7.497104705050123 7.494319173963135 2.4955948623145257 
7.502895294949877 7.505680826036865 7.50440513768548 

2.4965119145936474 2.506320337090497 2.4936796288646756 
2.5034880854063526 2.493679662909503 7.50632037113533 
2.4942384100401984 7.501572374181605 2.50214563626098 
2.5057615899598016 7.498427625818395 7.497854363739022 
7.501263018471887 2.506028139289361 2.5024268524545965 
7.498736981528113 2.493971860710639 7.4975731475454 
7.496622156957403 7.493372368391463 2.4948606714693846 
7.503377843042597 7.506627631608537 7.505139328530623 

2.4960136152752312 2.507223243760378 2.4927767172917026 
2.5039863847247688 2.492776756239622 7.5072232827083045 
2.4934153243614854 7.501796997843502 2.5024521568186455 
2.5065846756385146 7.498203002156498 7.497547843181358 
7.501443450900322 2.506889303302647 2.5027735467554235 
7.498556549099678 2.493110696697353 7.497226453244571 
7.496139609169809 7.49242556246606 2.4941264802711194 
7.503860390830191 7.50757443753394 7.5058735197288895 

2.4955153156051386 2.5081261507736894 2.491873805364013 
2.5044846843948614 2.4918738492263106 7.508126194635996 
2.492592238332891 7.50202162119894 2.5027586776495 
2.507407761667109 7.49797837880106 7.4972413223505034 
7.501623883634 2.5077504676324445 2.503120241329924 
7.498376116366 2.4922495323675555 7.496879758670069 
7.495657061687595 7.491478756186296 2.493392288719189 
7.504342938312405 7.508521243813704 7.506607711280822 

2.4950170155830795 2.509029058130637 2.490970893080929 
2.5049829844169205 2.490970941869363 7.5090291069190815 
2.4917691519543506 7.502246244247534 2.503065198753622 
2.5082308480456494 7.497753755752466 7.496934801246383 
7.501804316673157 2.5086116322794565 2.503466936178236 
7.498195683326843 2.4913883677205435 7.496533063821755 
7.495174514511014 7.490531949551536 2.4926580968130514 
7.504825485488986 7.509468050448464 7.507341903186961 

