[2.33948231e-06 2.53228736e-08 2.44366374e-08]
[-3.35693359e-04  3.22651723e-08  3.43413409e-09]
[-7.08165742e+08  8.80409136e+07 -6.75137560e+07]
[ 1.98963178e+10  1.12849358e+08 -3.77592233e+07]
[ 3.04851313e+09  4.24480198e+07 -2.62702393e+08]
[6.14273966e+09 5.96713332e+08 1.31461847e+08]
[3.31691851e+09 1.07543556e+08 7.72980485e+07]
[5.23424920e+09 1.45594384e+08 3.70545978e+07]
[2.91234868e+09 7.55737608e+08 4.21442508e+08]
[3.07809644e+09 9.66380595e+07 6.57859422e+08]
[4.70045909e+09 2.91526422e+08 2.23047351e+08]
[5.87716080e+09 3.01384862e+08 2.47178933e+08]
[2.81047278e+09 2.31003254e+08 5.04901813e+08]
[ 7.55244314e+09 -3.42359520e+08  5.99842240e+07]
[ 3.66881480e+09 -4.91205440e+07  1.30800008e+08]
[2.66181326e+09 1.20171296e+08 1.79287024e+08]
[7.49517984e+09 1.92533168e+08 2.68603360e+08]
[5.17360882e+09 4.20614272e+08 8.60445640e+08]
[4.00216701e+09 2.16650880e+07 5.94538240e+08]
[ 7.56328160e+09 -5.96400000e+07  5.17023232e+08]
[ 5.37210029e+09 -1.14005440e+08  3.18390400e+08]
[ 1.91750602e+09 -5.95659136e+08  1.57290240e+07]
[ 5.48103622e+09 -1.80990016e+08  2.30129920e+08]
[ 4.24383514e+09 -1.58121984e+08  3.63772800e+08]
[ 7.76508582e+09 -4.37787328e+08 -1.07922176e+08]
[ 5.38825181e+09 -1.86724544e+08  1.73334656e+08]
[ 3.14539334e+09 -1.52406720e+08  3.75398784e+08]
[ 4.72904774e+09 -3.21334016e+08  3.39135488e+08]
[ 4.33614282e+09 -4.56496896e+08  1.30520320e+07]
[ 6.4593768e+09 -1.7152832e+08  5.5041920e+07]
[ 3.56936618e+09 -5.10553664e+08  5.54050304e+08]
