264.54361022609766
264.5450181211599
264.54541940028844
264.54481014637025
264.54318240481115
264.5405241828869
264.5368194484107
264.53204812761055
264.5261861024543
264.51920520725236
264.5110732246863
264.5017538812373
264.49120684208754
264.47938770555413
264.46624799716835
264.4517351630928
264.4357925636192
264.41835946624695
264.399371038652
264.3787583415743
264.3564483218513
264.3323638053342
264.3064234904076
264.2785419415835
264.24862958385114
264.2165926972629
264.18233341273844
264.14574970852453
264.1067354077957
264.06518017762005
264.02096952893584
263.9739848190976
263.92410325453227
263.8711978974351
263.8151376735375
263.75578738387475
263.69300771447746
263.6266552560433
263.5565825225626
263.482637974675
