9.16098438e+16
1.17360305e+17
1.17360305e+17
1.17360305e+17
1.17360305e+17
1.17360305e+17
1.17360305e+17
1.17360305e+17
1.17360305e+17
1.17360305e+17
1.17360305e+17
1.17360305e+17
1.17360305e+17
1.17360305e+17
1.17360305e+17
1.17360305e+17
1.17360305e+17
1.17360305e+17
1.17360305e+17
1.17360305e+17
1.17360305e+17
1.17360305e+17
1.17360305e+17
1.17360305e+17
1.17360305e+17
1.17360305e+17
1.17360305e+17
1.17360305e+17
1.17360305e+17
1.17360305e+17
1.17360305e+17
1.17360305e+17
1.17360305e+17
1.17360305e+17
1.17360305e+17
1.17360305e+17
1.17360305e+17
1.17360305e+17
1.17360305e+17
1.17360305e+17
1.17360305e+17
1.17360305e+17
1.17360305e+17
1.17360305e+17
1.17360305e+17
1.17360305e+17
1.17360305e+17
1.17360305e+17
1.17360305e+17
1.17360305e+17
1.17360305e+17
1.17360305e+17
1.17360305e+17
1.17360305e+17
1.17360305e+17
1.17360305e+17
1.17360305e+17
1.17360305e+17
1.17360305e+17
1.17360305e+17
1.17360305e+17
1.17360305e+17
1.17360305e+17
1.17360305e+17
1.17360305e+17
1.17360305e+17
1.17360305e+17
1.17360305e+17
1.17360305e+17
1.17360305e+17
1.17360305e+17
1.17360305e+17
1.17360305e+17
1.17360305e+17
1.17360305e+17
1.17360305e+17
1.17360305e+17
1.17360305e+17
1.17360305e+17
1.17360305e+17
1.17360305e+17
1.17360305e+17
1.17360305e+17
1.17360305e+17
1.17360305e+17
1.17360305e+17
1.17360305e+17
1.17360305e+17
1.17360305e+17
1.17360305e+17
1.17360305e+17
1.17360305e+17
1.17360305e+17
1.17360305e+17
1.17360305e+17
1.17360305e+17
1.17360305e+17
1.17360305e+17
1.17360305e+17
1.17360305e+17
