0.2761335150728636
0.27718072008374356
0.39816666296173053
0.40035456621937976
0.44644244670642186
0.4486287604615447
0.4541958035413614
0.4551309173036215
0.4865530239794596
0.4869466915090938
0.5007618743511032
0.5019851795298397
0.5047392020600441
0.5050374907038095
0.5059261687079257
0.5067687349888496
0.5201350942156717
0.5207209427595083
0.5229543274003351
0.5243309763465709
0.5302981649884301
0.5320638871677029
0.549349098945695
0.5493710705375503
0.5596782070954625
0.560310262031642
0.5709294714596712
0.5728982760848003
0.5882308989269055
0.5894859887438733
0.6226154108895784
0.6236603445926373
0.6263017454401553
0.6270421059440012
0.663011432032299
0.6637075233148041
0.6708268278943403
0.6715188045352921
0.6864233809179322
0.6875038871229767
0.7017261252621976
0.7028940036083697
0.7130447116794166
0.7132881034741323
0.7199450756350633
0.7201807818490219
0.7373328715250228
0.7405216798549434
0.7460591654436064
0.7485940605293321
0.7495273643967234
0.7505299154959079
0.7536980693169731
0.756143592540164
0.7626046688165202
0.7633402550033379
0.7636710519427441
0.7672113022936873
0.7725604222835383
0.7732789578521048
0.8032301686383108
0.803418259525214
0.821229703537909
0.8221645841159293
0.8233877188188807
0.8235722960803411
0.8439762196325888
0.8464499965224944
0.846935542902081
0.8487538848469299
0.8526553755891229
0.8533375017029505
0.8561275329066376
0.8574865936460925
0.8714149910967838
0.8721564948471029
0.8782166683782537
0.8793676276678942
0.8793855964592776
0.8795854423691405
0.8809358151812086
0.8813827898998471
0.886027508891196
0.8878993037792609
0.9017822568822185
0.9018580532810582
0.9144298880745754
0.9148568712057638
0.9185550345627337
0.9197936519302174
0.9199964073515259
0.9203539221380982
0.9246741111666184
0.9247081032469274
0.9340197324311962
0.9356364180984273
0.9384121558273698
0.9395560626844255
0.9434135651770439
0.9439142606184115
0.9678486752152711
0.9682105834057047
0.9683881758651559
0.9732303546698351
0.9735801508576537
0.9744786070060149
0.9756749638499801
0.9761678933213529
0.980431351632072
0.9830812281515731
0.9878858421871503
0.98875167657239
0.990152242954333
0.9908726328894985
0.9964963109112973
0.9977649543515079
1.0024362135740992
1.0035873875323693
1.0041547795376986
1.005204658713198
1.005277823354421
1.00687282063433
1.0134477897904237
1.0138657934975646
1.0279170146390966
1.0288093310867332
1.0329648780100091
1.0357308916210604
1.038356660960813
1.0427748771950145
1.0676770473695667
1.0693239856623262
1.0820060546168824
1.0821458060304359
1.0866942781681654
1.0868663106058976
1.087067228088532
1.0871304414132537
1.0872867350070592
1.0891643221173413
1.089378809278395
1.0918781572282639
1.0928095723884172
1.0939779760232313
1.1002541754887558
1.1021967987503134
1.1064454256324574
1.1066473214289112
1.1105929591781556
1.1126185760511773
1.1137314202634532
1.1149636395392
1.1151127759844015
1.1181138399462331
1.1254744600971942
1.1255989102740824
1.1259510770043573
1.1263338100066125
1.1512749296146614
1.1518299659958047
1.153075079018725
1.153803847767617
1.1579540996400677
1.1608131120390106
1.183942737080892
1.1845240230380234
1.1965455481474816
1.1978388776336906
1.2004164705974183
1.201684910892585
1.2060212982420588
1.2060539626121605
1.2086989575949838
1.210151774278638
1.2113113603671324
1.2125896526864153
1.2214388183177345
1.2240018000411554
1.2245851990660497
1.2254302897662874
1.2370462029677518
1.2381144879347123
1.2441709384782618
1.2455869168375004
1.2646022182066008
1.2652060480323366
1.2666146797318194
1.2684812042107891
1.2746153845630215
1.2752465579131556
1.2920204601026761
1.292336847446181
1.300032636220212
1.300803592523744
1.3231803124030466
1.3256214148196586
1.3421429913060698
1.3439969101401523
1.349960251667237
1.3511181662473144
1.3513897596472
1.3525738092807864
1.3541752363994435
1.3551908584267427
1.3580011995213093
1.3600068913441499
1.4198933883649807
1.4215960558192942
1.4614967537914998
1.463590742895377
1.492834987357984
1.4931554234071698
1.5114100762536136
1.5123810453017044
1.5290579980819023
1.531334668151747
