25.88092297310596
25.88074398871195
25.880538047516154
25.880305145896823
25.88004528006194
25.879758446049173
25.879444639725737
25.879103856788248
25.878736092762658
25.878341343004113
25.87791960269695
25.877470866854505
25.876995130319038
25.876492387761715
25.875962633682345
25.875405862409572
25.874822068100492
25.874211244740835
25.873573386144646
25.87290848595444
25.872216537640945
25.871497534503142
25.870751469668157
25.869978336091197
25.86917812655553
25.868350833672324
25.867496449880676
25.866614967447607
25.865706378467824
25.864770674863898
25.86380784838601
25.86281789061207
25.86180079294757
25.86075654662563
25.859685142706837
25.858586572079382
25.85746082545884
25.856307893388315
25.855127766238304
25.853920434206714
25.852685887318803
25.851424115427225
25.85013510821195
25.84881885518032
25.84747534566696
25.84610456883382
25.844706513670168
25.84328116899255
25.841828523444846
25.840348565498232
25.838841283451167
25.83730666542946
25.83574469938621
25.83415537310193
25.8325386741844
25.830894590068784
25.82922310801772
25.827524215121123
25.82579789829645
25.824044144288578
25.82226293966993
25.820454270840347
25.81861812402734
25.816754485285962
25.814863340498924
25.812944675376645
25.810998475457204
25.809024726106493
25.80702341251826
25.804994519714064
25.80293803254345
25.80085393568395
25.7987422136411
25.796602850748602
25.794435831168308
25.792241138890315
25.790018757733066
25.78776867134335
25.785490863196472
25.783185316596217
25.780852014675055
25.77849094039415
25.776102076543395
25.77368540574163
25.77124091043665
25.768768572905316
25.7662683752536
25.76374029941679
25.761184327159505
25.758600440075796
25.75598861958932
25.75334884695339
25.750681103251047
25.747985369395337
25.745261626129217
25.742509854025798
25.73973003348845
25.736922144750885
25.734086167877344
25.731222082762642
25.728329869132395
25.725409506543073
25.722460974382138
25.719484251868217
25.71647931805129
25.713446151812665
25.710384731865318
25.70729503675393
25.70417704485498
25.7010307343771
25.697856083360975
25.69465306967973
25.69142167103891
25.688161864976728
25.68487362886422
25.681556939905448
25.678211775137573
25.67483811143105
25.671435925489913
25.668005193851783
25.664545892888192
25.661057998804655
25.657541487640884
25.653996335271064
25.65042251740382
25.646820009582694
25.643188787186077
25.639528825427558
25.63584009935607
25.632122583856113
25.6283762536479
25.62460108328759
25.6207970471675
25.616964119516368
25.613102274399402
25.609211485718664
25.605291727213217
25.601342972459292
25.597365194870548
25.593358367698386
25.58932246403198
25.585257456798608
25.581163318763977
25.57704002253225
25.572887540546418
25.568705845088495
25.564494908279745
25.560254702080933
25.555985198292582
25.551686368555153
25.54735818434936
25.54300061699641
25.538613637658194
25.534197217337613
25.529751326878714
25.525275936967148
25.52077101813023
25.51623654073729
25.511672474999894
25.5070787909722
25.50245545855109
25.49780244747654
25.493119727331855
25.488407267543966
25.483665037383652
25.478893005965784
25.474091142249822
25.469259415039822
25.464397792984887
25.45950624457935
25.454584738163177
25.44963324192217
25.444651723888285
25.43964015193989
25.434598493802163
25.429526717047217
25.424424789094594
25.419292677211423
25.414130348512796
25.40893776996202
25.40371490837102
25.398461730400534
25.393178202560467
25.387864291210214
25.38251996255905
25.377145182666283
25.3717399174417
25.366304132645833
25.360837793890333
25.355340866638265
25.349813316204404
25.34425510775564
25.338666206311192
25.33304657674315
25.32739618377653
25.321714991989836
25.316002965815358
25.310260069539385
25.30448626730276
25.29868152310102
25.292845800784903
25.286979064060564
25.281081276490053
25.275152401491617
25.26919240233999
25.263201242166883
25.257178883961252
25.251125290569693
25.245040424696793
25.23892424890547
25.232776725617462
25.226597817113568
25.220387485534033
25.21414569287902
25.20787240100895
25.20156757164476
25.195231166368487
25.188863146623504
25.182463473715007
25.17603210881024
25.169569012939178
25.163074146994603
25.15654747173271
25.14998894777341
25.14339853560085
25.136776195563606
25.130121887875276
25.123435572614834
25.116717209727007
25.109966759022786
25.103184180179674
25.09636943274228
25.08952247612264
25.08264326960066
25.075731772324577
25.068787943311346
25.061811741447098
25.054803125487556
25.0477620540585
25.04068848565622
25.03358237864787
25.026443691272025
25.01927238163911
25.01206840773179
25.00483172740548
24.99756229838877
24.990260078283978
24.98292502456747
24.975557094590286
24.96815624557845
24.960722434633627
24.953255618733408
24.94575575473197
24.93822279936047
24.93065670922753
24.923057440819797
24.915424950502345
24.907759194519265
24.90006012899417
24.89232770993058
24.884561893212627
24.87676263460544
24.86892988975569
24.86106361419215
24.85316376332619
24.845230292452385
24.837263156748932
24.829262311278313
24.8212277109878
24.81315931071
24.805057065163393
24.796920928953014
24.788750856570815
24.780546802396522
24.77230872069792
24.764036565631674
24.755730291243776
24.747389851470206
24.73901520013753
24.730606290963564
24.722163077557813
24.71368551342232
24.7051735519521
24.69662714643601
24.688046250057074
24.679430815893394
24.67078079691872
24.662096146003076
24.653376815913482
24.644622759314633
24.635833928769546
24.627010276740258
24.618151755588578
24.609258317576703
24.600329914868084
24.59136649952796
24.58236802352428
24.573334438728278
24.564265696915378
24.555161749765816
24.54602254886554
24.53684804570691
24.527638191689466
24.518392938120826
24.509112236217355
24.499796037105202
24.490444291820843
24.481056951312162
24.47163396643921
24.46217528797507
24.452680866606716
24.443150652935962
24.433584597480266
24.423982650673764
24.41434476286806
24.404670884333253
24.39496096525888
24.385214955754826
24.375432805852416
24.365614465505175
24.35575988459008
24.345869012908487
24.33594180018711
24.32597819607913
24.315978150165236
24.305941611954715
24.295868530886544
24.2857588563305
24.275612537588252
24.265429523894582
24.25520976441846
24.244953208264313
24.234659804473107
24.224329502023682
24.213962249833934
24.203557996761997
24.193116691607642
24.182638283113498
24.172122719966357
24.161569950798533
24.150979924189183
24.140352588665728
24.129687892705167
24.118985784735624
24.10824621313764
24.09746912624574
24.08665447234989
24.07580219969695
24.064912256492338
24.053984590901432
24.043019151051247
24.032015885032063
24.02097474089898
24.009895666673643
23.998778610345887
23.987623519875502
23.97643034310279
23.965199027131
23.953929520714638
23.942621771710776
23.93127572795536
23.919891337265195
23.90846854743987
23.89700730626359
23.885507561507257
23.873969260930515
23.862392352283706
23.850776783309996
23.839122501747568
23.82742945533159
23.815697591796635
23.803926858878768
23.792117204317734
23.78026857585948
23.76838092125835
23.75645418827936
23.744488324666676
23.732483277393747
23.72043899512104
23.70835542568149
23.696232516931353
23.684070216752684
23.671868473056215
23.65962723378383
23.647346446911463
23.635026060451878
23.6226660224574
23.61026628102298
23.597826784289012
23.585347480444316
23.5728283177292
23.560269244438608
23.547670208925126
23.535031159220676
23.52235204363052
23.50963281123817
23.496873410659315
23.484073790583736
23.47123389977874
23.458353687092863
23.44543310145918
23.43247209189907
23.419470607525852
23.40642859754856
23.393346011275653
23.380222798118908
23.36705890759744
23.353854289341413
23.34060889309641
23.32732266872727
23.313995566222445
23.300627535698048
23.28721852740232
23.273768491719935
23.260277379176383
23.246745140442542
23.233171726339226
23.219557087841835
23.20590117608503
23.192203942367588
23.17846533815719
23.16468531509542
23.150863825002705
23.137000819883482
23.12309625193128
23.109150073533993
23.095162237279226
23.081132695959557
23.06706140257825
23.052948310354616
23.03879337272969
23.024596543372017
23.010357776183362
22.996077025304714
22.981754245122165
22.96738939027307
22.95298241565201
22.93853327641729
22.92404192799704
22.90950832609579
22.894932426700873
22.880314186089052
22.865653560833266
22.85095050780934
22.836204984202915
22.821416947516376
22.806586355575973
22.791713166538994
22.77679733890096
22.761838831503034
22.746837603539536
22.73179361456539
22.71670682450391
22.70157719365445
22.68640468270038
22.67118925271699
22.65593086517959
22.640629481971644
22.6252850653932
22.609897578169083
22.594466983457522
22.578993244858758
22.563476326423658
22.547916192662697
22.532312808554742
22.516666139556197
22.500976151610118
22.485242811155388
22.46946608513635
22.45364594101202
22.437782346765847
22.4218752709154
22.405924682522176
22.38993055120156
22.373892847132907
22.357811541069687
22.341686604349775
22.32551800890591
22.309305727276126
22.293049732614545
22.276749998701987
22.260406499956858
22.24401921144626
22.22758810889702
22.21111316870685
22.194594367955887
22.178031684417967
22.161425096572277
22.1447745836151
22.128080125471563
22.11134170280763
22.094559297042064
22.077732890358746
22.060862465718834
22.043948006873197
22.02698949837502
22.009986925592266
21.992940274720656
21.97584953279637
21.958714687709072
21.941535728215058
21.92431264395038
21.90704542544433
21.889734064132643
21.872378552371266
21.85497888344997
21.837535051605958
21.820047052038014
21.80251488092024
21.784938535416345
21.767318013693732
21.749653313449784
21.731944430485868
21.714191371849473
21.696394139865596
21.67855273793551
21.66066717055162
21.642737443312257
21.6247635629368
21.606745537280652
21.58868337535054
21.57057708731975
21.552426684543413
21.53423217957404
21.515993586177053
21.497710919346318
21.479384195319884
21.46101343159581
21.442598646947882
21.424139861441592
21.405637096450068
21.38709037467021
21.368499720138708
21.349865158248214
21.33118671576369
21.312464420838417
21.29369830303063
21.274888393319696
21.256034724122593
21.23713732931039
21.218196244224707
21.19921150569424
21.180183152051406
21.161111223148808
21.141995760375945
21.122836806675785
21.103634406561447
21.084388606132748
21.065099453093023
21.04576699676568
21.026391288110823
21.006972379741995
20.987510325942736
20.96800518268322
20.948457007636925
20.928865860197043
20.90923180149308
20.8895548944074
20.8698352035917
20.850072795483264
20.830267738321453
20.810420102163945
20.790529958902923
20.77059738228126
20.750622447908665
20.73060523327753
20.710545817778943
20.690444282718435
20.670300711331777
20.65011518880044
20.629887802267152
20.60961864085134
20.589307795664173
20.568955359823875
20.548561428470464
20.528126098780817
20.50764946998309
20.487131643371324
20.4665727223198
20.445972812297086
20.42533202088008
20.40465045776778
20.383928234794805
20.363165465944814
20.342362267363683
20.321518757372303
20.3006350564795
20.2797112873943
20.258747575038278
20.237744046557555
20.216700831334325
20.195618060998523
20.174495869438914
20.153334392813893
20.132133769562213
20.11089414041328
20.089615648396943
20.068298438853397
20.046942659442507
20.02554846015268
20.004115993309657
19.98264541358483
19.961136878003252
19.93959054595112
19.918006579183178
19.896385141829484
19.87472640040192
19.853030523800218
19.83129768331771
19.80952805264658
19.787721807882633
19.765879127529843
19.744000192504217
19.722085186137384
19.70013429417974
19.678147704803017
19.656125608602494
19.634068198598673
19.61197567023856
19.58984822139634
19.567686051207996
19.545489359542632
19.523258355531638
19.50099324675533
19.47869424321739
19.456361557342646
19.433995403974116
19.411596000369727
19.38916356619835
19.366698323535402
19.344200496857695
19.321670313037963
19.299108001338716
19.276513781788204
19.25388787264442
19.231230536967956
19.208542013500093
19.185822543332712
19.1630723698985
19.140291738960755
19.11748089860273
19.094640099216114
19.071769593489126
19.048869636393828
19.025940485173106
19.002982399326676
18.97999564059676
18.95698047295315
18.933937162577433
18.910865977846846
18.887767189317447
18.864641069706632
18.841487893875073
18.818307938808083
18.795101483596277
18.77186880941578
18.748610199507645
18.725325939156924
18.702016315670704
18.678681618356208
18.655322138497628
18.63193816933273
18.608530006028886
18.585097945658426
18.56164227850665
18.53816330263678
18.514661331916983
18.49113666512456
18.467589592874777
18.44402042209561
18.42042948398459
18.396817089892657
18.373183552828912
18.349529187430544
18.325854309932208
18.302159238134927
18.27844429137451
18.254709790489507
18.230956057788603
18.207183417017735
18.183392193326597
18.159582713234737
18.13575530459736
18.11191029657055
18.088048019576163
18.06416880526639
18.040272986487885
18.01636089724549
17.992432871730994
17.96848923615585
17.94453033853456
17.920556517134493
17.896568111195236
17.872565460890584
17.848548907290102
17.824518792320617
17.800475458727398
17.776419250035154
17.752350510508858
17.728269585114372
17.704176819478878
17.680072559851297
17.6559571530624
17.631830946485046
17.607694287994043
17.583547525926324
17.559391009040553
17.535225086477347
17.511050107718802
17.48686642254868
17.462674381012103
17.43847433337546
17.41426663008663
17.390051621734905
17.365829659011077
17.34160109266812
17.31736627348124
17.293125552208686
17.268879279552536
17.24462780611961
17.22037148238273
17.19611065864217
17.17184568498727
17.14757691125857
17.123304687009846
17.09902936147089
17.07475128351028
17.05047080159872
17.026188263772603
17.001904011672202
16.977618341165062
16.953331655158678
16.929044298092784
16.904756610815504
