-31.864283390808392
-31.864491357399107
-31.864838022490538
-31.865323433353506
-31.86594763990397
-31.8667106947069
-31.867612652979723
-31.868653572596056
-31.86983351408997
-31.871152540660354
-31.872610718175185
-31.874208115174945
-31.87594480287911
-31.877820855189253
-31.879836348694464
-31.881991362677017
-31.884285979116058
-31.886720282694675
-31.88929436080391
-31.89200830354908
-31.89486220375533
-31.897856156973567
-31.900990261486672
-31.90426461831498
-31.907679331223335
-31.91123450672745
-31.914930254099954
-31.918766685378106
-31.922743915369622
-31.926862061660337
-31.931121244621686
-31.93552158741716
-31.940063216010785
-31.944746259173925
-31.9495708484937
-31.954537118380568
-31.959645206076413
-31.96489525166312
-31.970287398070806
-31.97582179108582
-31.981498579360938
-31.987317914422007
-31.993279950679202
-31.999384845434488
-32.00563275889211
-32.012023854167296
-32.018558297296636
-32.025236257246625
-32.03205790592536
-32.039023418190965
-32.046132971863265
-32.05338674773254
-32.060784929572606
-32.068327704149105
-32.07601526123166
-32.08384779360474
-32.09182549707915
-32.09994857050296
-32.10821721577346
-32.116631637848556
-32.12519204475935
-32.13389864762143
-32.14275166064773
-32.15175130116065
-32.16089778960471
-32.17019134955952
-32.17963220775236
-32.18922059407157
-32.19895674157996
-32.20884088652791
-32.218873268367545
-32.22905412976584
-32.239383716619564
-32.24986227806866
-32.26049006651105
-32.271267337617125
-32.282194350344604
-32.293271366953
-32.30449865301951
-32.31587647745367
-32.32740511251303
-32.33908483381945
-32.350915920373716
-32.36289865457296
-32.375033322226166
-32.38732021257054
-32.39975961828895
-32.412351835525875
-32.42509716390503
-32.43799590654676
-32.451048370085005
-32.4642548646851
-32.47761570406213
-32.49113120549825
-32.504801689861786
-32.51862748162519
-32.53260890888406
-32.54674630337529
-32.561040000497755
-32.575490339330244
-32.59009766265157
-32.604862316960336
-32.619784652495056
-32.63486502325435
-32.650103787016945
-32.66550130536284
-32.681057943694555
-32.69677407125729
-32.71265006116112
-32.72868629040154
-32.744883139883214
-32.76124099443984
-32.777760242857845
-32.79444127789835
-32.8112844963201
-32.828290298902225
-32.84545909046803
-32.862791279908215
-32.88028728020395
-32.89794750845204
-32.915772385888125
-32.933762337911986
-32.95191779411156
-32.97023918828819
-32.98872695848207
-33.00738154699729
-33.026203400428116
-33.04519296968483
-33.06435071001946
-33.08367708105305
-33.10317254680178
-33.122837575705184
-33.142672640651746
-33.16267821900787
-33.182854792645394
-33.203202847969315
-33.22372287594697
-33.24441537213602
-33.26528083671346
-33.28631977450557
-33.30753269501655
-33.32892011245914
-33.35048254578379
-33.372220518709845
-33.39413455975615
-33.41622520227137
-33.43849298446602
-33.460938449442864
-33.48356214523032
-33.50636462481373
-33.529346446167075
-33.552508172287084
-33.57585037122544
-33.599373616121945
-33.62307848523885
-33.64696556199373
-33.67103543499511
-33.69528869807562
-33.719725950327636
-33.74434779613797
-33.769154845223774
-33.794147712668156
-33.81932701895541
-33.84469339000946
-33.8702474572277
-33.89598985752044
-33.92192123334729
-33.94804223275471
-33.974353509413625
-34.0008557226584
-34.027549537525395
-34.05443562479147
-34.08151466101297
-34.10878732856584
-34.13625431568507
-34.16391631650555
-34.19177403110144
-34.2198281655275
-34.24807943186113
-34.27652854824155
-34.305176238914136
-34.33402323427057
-34.36307027089183
-34.39231809159203
-34.421767445458656
-34.45141908789878
-34.48127378068146
-34.51133229198058
-34.54159539642157
-34.572063875123476
-34.60273851574585
-34.633620112532014
-34.66470946635601
-34.69600738476779
-34.7275146820384
-34.7592321792082
-34.791160704131606
-34.82330109152524
-34.85565418301415
-34.88822082717995
-34.92100187960839
-34.953998202936795
-34.987210666903344
-35.02064014839455
-35.054287531493884
-35.08815370753255
-35.122239575136376
-35.15654604027651
-35.19107401631883
-35.22582442407416
-35.2607981918476
-35.295996255489825
-35.33141955844662
-35.36706905180959
-35.402945694368505
-35.43905045265965
-35.475384301019204
-35.51194822163397
-35.548743204591354
-35.585770247933056
-35.62303035770539
-35.660524548010684
-35.698253841060385
-35.73621926722524
-35.77442186508818
-35.81286268149576
-35.85154277161091
-35.89046319896264
-35.92962503550052
-35.96902936164426
-36.00867726633699
-36.04856984709517
-36.08870821006205
-36.12909347005673
-36.16972675062696
-36.21060918409973
-36.25174191163078
-36.293126083256915
-36.33476285794425
-36.376653403639416
-36.41879889731835
-36.46120052503509
-36.503859481971226
-36.54677697248271
-36.589954210149266
-36.63339241781976
-36.677092827659685
-36.72105668119659
-36.76528522936546
-36.80977973255284
-36.85454146064116
-36.899571693049985
-36.94487171877955
-36.9904428364509
-37.03628635434563
-37.08240359044516
-37.12879587246788
-37.175464537905896
-37.222410934060264
-37.269636418073844
-37.31714235696521
-37.36493012765814
-37.41300111701062
-37.461356721843686
-37.50999834896532
-37.55892741519574
-37.60814534738775
-37.65765358244738
-37.70745356735111
-37.75754675916011
-37.80793462503439
-37.85861864224128
-37.90960029816365
-37.960881090304355
-38.01246252628714
-38.06434612385574
-38.116533410868875
-38.16902592529135
-38.22182521518234
-38.27493283867998
-38.328350363980945
-38.38207936931706
-38.43612144292708
-38.49047818302344
-38.54515119775541
-38.60014210516521
-38.65545253314161
-38.71108411936638
-38.767038511253844
-38.82331736588778
-38.8799223499493
-38.936855139639036
-38.99411742059244
-39.051710887787955
-39.109637245448
-39.167898206932094
-39.226495494620146
-39.285430839790784
-39.34470598248729
-39.40432267137512
-39.46428266359197
-39.52458772458362
-39.585239627933056
-39.64624015517623
-39.707591095607356
-39.76929424607
-39.83135141074022
-39.893764400889914
-39.956535034643025
-40.01966513671288
-40.08315653812636
-40.14701107593254
-40.21123059289411
-40.27581693716264
-40.3407719619352
-40.406097525094424
-40.47179548882633
-40.53786771921983
-40.6043160858448
-40.67114246130955
-40.73834872079126
-40.80593674154735
-40.87390840239996
-40.94226558319294
-41.01101016422392
-41.0801440256475
-41.14966904684772
-41.21958710578173
-41.28990007828958
-41.36060983737165
-41.431718252431004
-41.503227188478085
-41.575138505299776
-41.647454056587044
-41.72017568902176
-41.793305241321455
-41.866844543237065
-41.94079541450656
-42.01515966375755
-42.089939087360875
-42.16513546823037
-42.24075057456733
-42.3167861585482
-42.39324395495094
-42.47012567972148
-42.54743302847263
-42.62516767491625
-42.703331269225444
-42.78192543632237
-42.86095177408972
-42.940411851503605
-43.02030720668082
-43.100639344843906
-43.18140973619137
-43.26261981367929
-43.344270970701345
-43.42636455867057
-43.508901884494946
-43.591884207941845
-43.675312738891954
-43.75918863447108
-43.84351299606209
-43.92828686618682
-44.01351122525731
-44.099186988186815
-44.185315000859426
-44.271896036451274
-44.35893079159677
-44.44641988239547
-44.534363840253114
-44.62276310755298
-44.711618033146124
-44.80092886766063
-44.890695758620005
-44.98091874536269
-45.07159775376297
-45.162732590734585
-45.254322938526386
-45.34636834878659
-45.43886823640137
-45.53182187309487
-45.62522838078488
-45.71908672468829
-45.81339570616938
-45.90815395532229
-46.003359923286865
-46.0990118742826
-46.195107877366745
-46.291645797897694
-46.38862328871124
-46.48603778099462
-46.58388647486248
-46.68216632962417
-46.78087405374606
-46.88000609450363
-46.979558627321545
-47.07952754480692
-47.179908445471504
-47.280696622151396
-47.381887050125236
-47.483474374939284
-47.5854528999494
-47.6878165735873
-47.79055897636931
-47.89367330765998
-47.997152372214785
-48.100988566519625
-48.20517386495871
-48.309699805839394
-48.414557477311476
-48.51973750322033
-48.625230028939924
-48.73102470723885
-48.83711068424047
-48.94347658553683
-49.050110502535965
-49.15699997912029
-49.26413199870949
-49.371492971826086
-49.47906872427244
-49.586844486046495
-49.694804881120824
-49.802933918236995
-49.911214982870064
-50.01963083053504
-50.12816358162466
-50.236794717977126
-50.34550508139394
-50.454274874339895
-50.563083663077286
-50.671910383502556
-50.780733349971754
-50.88953026741552
-50.998278247069926
-51.10695382615735
-51.21553299187418
-51.323991210059035
-51.43230345892425
-51.5404442682542
-51.648387764477256
-51.75610772203606
-51.863577621475734
-51.97077071468224
-52.07766009769183
-52.184218791489904
-52.290419831201476
-52.39623636405512
-52.50164175647222
-52.606609710600814
-52.7111143905551
-52.81513055857488
-52.91863372124129
-53.021600285799835
-53.124007726550666
-53.22583476114395
-53.3270615364928
-53.427669823874055
-53.52764322260962
-53.62696737155955
-53.72563029606174
-53.823622294165595
-53.92093640472244
-54.01756865677587
-54.11351825136649
-54.20878779126087
-54.303383506621635
-54.39731547386433
-54.490597824680975
-54.58324894389135
-54.675291720051135
-54.76675373894017
-54.857666965990106
-54.94806851346817
-55.03800126858403
-55.127510853010456
-55.216648891729896
-55.3054719994947
-55.394041669818286
-55.482423873505496
-55.57068902569378
-55.65891197052068
-55.74717107253575
-55.83554809682007
-55.92412780593633
-56.012999073379206
-56.10224976931052
-56.19197022862378
-56.28225234282863
-56.3731857495617
-56.464860229224776
-56.55736388333972
-56.650781885700745
-56.74519595262545
-56.840683493488825
-56.93731618223926
-57.03515965949139
-57.13427255249238
-57.23470559940523
-57.336501393983355
-57.43969287199015
-57.544301883569986
-57.65034057535584
-57.75781008158888
-57.8667001626001
-57.97698894955856
-58.088642800411115
-58.20161684711355
-58.31585359961519
-58.43128443951077
-58.547829511088636
-58.66539804727288
-58.78388905881449
-58.903192489155906
-59.02318827361744
-59.143749484876274
-59.26474040238367
-59.38602024135719
-59.5074422132685
-59.62885580809771
-59.750104951487515
-59.87103229588445
-59.99147900137263
-60.1112862727449
-60.23029524536874
-60.348348506524346
-60.465290300503405
-60.5809683205439
-60.69523485725558
-60.807944930824824
-60.9189597200802
-61.0281463364785
-61.135378532213814
-61.24053682163904
-61.34350875785882
-61.44418986114471
-61.54248370925999
-61.63830299662168
-61.731567319489635
-61.82220491302555
-61.91015357606253
-61.99536037843707
-62.07778036145005
-62.15737735251067
-62.23412458345612
-62.308005088525924
-62.37901015514036
-62.447139814874824
-62.51240069170168
-62.57480928817465
-62.63439087557357
-62.691179492034095
-62.74521651266001
-62.79655124504195
-62.845240531878154
-62.891348664896135
-62.934947489076364
-62.976115513396884
-63.014938582242536
-63.05150941071605
-63.08592717305725
-63.11829585765455
-63.14872443283995
-63.17732880320039
-63.204230172052526
-63.22955371987169
-63.25342927920877
-63.275990841024885
-63.29737643759083
-63.31772797487182
-63.33718951405364
-63.35590619691816
-63.37402679609895
-63.39170130798861
-63.40908138971649
-63.42631864421609
-63.44356646147399
-63.46097798533114
-63.478703989609656
-63.49689521959908
-63.51570057626292
-63.53526763615428
-63.555742215564855
-63.57726731463471
-63.59998219647627
-63.62402269466567
-63.649521057022326
-63.67660613911945
-63.70540270046217
-63.736029606766195
-63.76860165504274
-63.803228838719804
-63.84001633422795
-63.879063637505325
-63.920464960093085
-63.964308603702605
-64.01067795763086
-64.05964966308957
-64.11129760418719
-64.16568623996055
-64.22287629982084
-64.28292360382054
-64.34587743574475
-64.41178172207161
-64.48067665627961
-64.55259705251433
-64.62757143699078
-64.70562387738744
-64.78677398984375
-64.87103811863584
-64.95842659325714
-65.04894691235852
-65.14260156293412
-65.23938893725794
-65.33930451130124
-65.44234088996903
-65.54848686603827
-65.65772860500715
-65.7700488164788
-65.8854279528885
-66.0038438002892
-66.12527201598822
-66.24968537630491
-66.37705533251568
-66.50735105856879
-66.64053860393452
-66.77658317311047
-66.91544834073594
-67.05709560986838
-67.20148418893781
-67.34857207652936
-67.4983157933595
-67.6506681938827
-67.80558041541303
-67.96300110501791
-68.12287741234003
-68.28515383487105
-68.44976906216286
-68.61665826025171
-68.7857535351979
-68.95698488293314
-69.13027577466558
-69.30554394325101
-69.48270174429919
-69.66165579917528
-69.84230676789068
-70.02454926827743
-70.20827146844485
-70.39335438163063
-70.57967095474896
-70.76708658668727
-70.95545900514843
-71.14463797795847
-71.33446623526784
-71.5247775416411
-71.71539866358093
-71.90614940853945
-72.09684245932694
-72.287280747311
-72.47726249183577
-72.66657970410036
-72.85501972828513
-73.04236342850872
-73.22838828023572
-73.41286732545898
-73.59557099086408
-73.7762690476872
-73.95472844108207
-74.13071561966936
-74.30399765209557
-74.47434440722853
-74.64152653448912
-74.80532091608173
-74.96550621109328
-75.12186854237915
-75.2741997489821
-75.42230049441595
-75.5659815474224
-75.70506073517912
-75.83936688733726
-75.9687428416598
-76.09304302447647
-76.2121350526604
-76.32590397231229
-76.43424802930868
-76.53708329719483
-76.6343432325267
-76.72598078062762
-76.8119659252101
-76.8922895213961
-76.96696364666033
-77.0360217159723
-77.09951901052318
-77.15753282767749
-77.21016277285621
-77.25753217730222
-77.2997881323865
-77.33710071964857
-77.36966331604354
-77.3976928399759
-77.42142945868746
-77.44113622373376
-77.45709740702414
-77.46961930981881
-77.47902826051939
-77.48567030609745
-77.48991053467657
-77.49212756259587
-77.49271675859801
-77.49208695659391
-77.49065550961045
-77.48885030924839
-77.48710562984121
-77.48586001829432
-77.48555363284135
-77.4866239315662
-77.48950441370367
-77.49462253701844
-77.50239446599686
-77.51322479117604
-77.5275031647322
-77.54560014970282
-77.56786612470609
-77.59462842067786
-77.6261899674671
-77.66282621433083
-77.70478245357623
-77.75227386223185
-77.80548379474281
-77.86456297829561
-77.92962988120767
-78.00076840293363
-78.07802712847813
-78.16142195629615
-78.25093609891809
-78.3465211816573
-78.44809628117714
-78.5555524906923
-78.66875092650315
-78.7875262337839
-78.91168953626847
-79.04102840163634
-79.17531050302554
-79.31428397753585
-79.45768254307349
-79.60522442272934
-79.75661567231136
-79.91155361803963
-80.06972828492938
-80.2308244014982
-80.39452253624128
-80.5605024662618
-80.72844473021388
-80.8980305801437
-81.06894564079673
-81.24087979659126
-81.41352942489897
-81.58659771313499
-81.75979680548282
-81.93284802214183
-82.10548213985017
-82.27744095609944
-82.44847847785645
-82.61835939139421
-82.78685919022483
-82.95376520451667
-83.11887839473994
-83.28201260363385
-83.44299495204709
-83.60166292972735
-83.75786756525257
-83.91147180701768
-84.06235056834205
-84.21039152304544
-84.35549392016934
-84.49756835480376
-84.63653708859054
-84.77233313022089
-84.90490068122872
-85.03419321891197
-85.16017475252552
-85.2828192464455
-85.40211075486802
-85.51804216477251
-85.63061524666635
-85.73984029992673
-85.84573636645277
-85.94832991522215
-86.04765598588601
-86.14375666091634
-86.23667982918604
-86.32648119911674
-86.41322268293716
-86.49697215982135
-86.57780405307625
-86.65579616111647
-86.7310321647863
-86.80360009169007
-86.87359106903693
-86.94109974662605
-87.00622378840625
-87.0690640588929
-87.12972169618178
-87.18829977621733
-87.24490203073336
-87.29963258871523
-87.35259456523654
-87.40389017696182
-87.45362029328294
-87.50188386779254
-87.54877722984983
-87.59439443056073
-87.63882559724526
-87.6821574361104
-87.72447267072083
-87.7658499798199
-87.8063632240684
-87.84608215964415
-87.88507212476078
-87.92339404425104
-87.96110494640848
-87.99825708266036
-88.03489862600152
-88.07107494140593
-88.10682720278298
-88.14219492923169
-88.1772122743517
-88.21191235208171
-88.24632596809265
-88.28048228734417
-88.3144091491794
-88.3481336540255
-88.38168286999374
-88.4150835072983
-88.44836232023285
-88.48154630468893
-88.51466250365503
-88.54773964573205
-88.58080587427591
-88.61389110195336
-88.64702659048622
-88.68024477581855
-88.71357869807866
-88.74706255104009
-88.78073276271938
-88.81462665580871
-88.84878355713468
-88.88324550996757
-88.91805447215718
-88.95325515706439
-88.98889525569446
-89.02502290623508
-89.06169014390197
-89.09895183311552
-89.13686631106773
-89.17549500845173
-89.21490226597336
-89.25515689819687
-89.29633149890861
-89.3385029458312
-89.38175294518365
-89.42616694316048
-89.47183292665393
-89.51884318383564
-89.56729322550045
-89.61728162997399
-89.66890969072949
-89.72228013331112
-89.777497243895
-89.8346655537341
-89.89388703949005
-89.9552625566666
-90.01888939811396
-90.08486063824789
-90.1532633494013
-90.22417815080753
-90.29767596712668
-90.37381878184488
-90.45265870268173
-90.53423415026323
-90.61857070901998
-90.70568072748368
-90.79556129379507
-90.8881935600553
-90.98354256738136
-91.08155733461028
-91.18216922034071
-91.2852939146655
-91.39083017190501
-91.49865991950927
-91.60864976990435
-91.72065169753128
-91.8345033057357
-91.95002883131262
-92.06704075628541
-92.18533979470085
-92.30471626333646
-92.4249525863737
-92.54582397277157
-92.66709935714094
-92.78854297677194
-92.90991555663867
-93.03097581631603
-93.15148099139363
-93.27118847287007
-93.38985816534297
-93.50725186879005
-93.6231341366396
-93.73727557931527
-93.84945099316712
-93.95944059982929
-94.06703228296952
-94.17202016580033
-94.27420704211639
-94.37340325933503
-94.46942705674529
-94.56210602764872
-94.65127582079501
-94.73678190953571
-94.81847958974744
-94.89623176175957
-94.96991147612191
-95.03940102072107
-95.10459157239502
-95.16538324225478
-95.22168326103417
-95.27340893643853
-95.3204860040358
-95.36284778546177
-95.40043530486264
-95.43319741234615
-95.46109080170959
-95.484079044147
-95.50213383083812
-95.51523266612384
-95.52335889159099
-95.52650341628407
-95.52466354351967
-95.51784235692213
-95.50604944023145
-95.48930067920286
-95.46761741651183
-95.44102767715684
-95.4095652406765
-95.37326995943457
-95.33218720209081
-95.28636733559644
-95.23586817743923
-95.18075339261084
-95.12109290627942
-95.05696345947099
-94.98844644593979
-94.91563045702713
-94.83861047962425
-94.75748807385406
-94.67237094071307
-94.58337285895811
-94.4906141316946
-94.39422074762984
-94.29432580123421
-94.19106710599775
-94.08458827092348
-93.97503810596353
-93.86257083015155
-93.7473452846445
-93.62952517734281
-93.5092785104974
-93.38677793336427
-93.26219909817439
-93.13572039296959
-93.00752354848639
-92.877793549393
-92.74671740506915
-92.61448478844008
-92.48128827903552
-92.34732075248071
-92.21277805560965
-92.07785762897515
-91.94275909821818
-91.80768484044458
-91.67283983794711
-91.53843123129819
-91.40467015918588
-91.27176954499353
-91.13994737191237
-91.00942641977431
-90.88043431855468
-90.75320347639231
-90.62797232062034
-90.50498603473382
-90.38449618984782
-90.26676218065855
-90.1520515088461
-90.04063952253647
-89.9328097069407
-89.82885381931406
-89.72907254771918
-89.63377464879113
-89.5432757446838
-89.45789901615477
-89.37797467124639
-89.30383901118532
-89.23583306346801
-89.17430063619102
-89.11958810297438
-89.07204238066916
-89.0320087255693
-88.99982925432407
-88.97584011259765
-88.96037016226747
-88.95373797505265
-88.95624950755817
-88.96819521236792
-88.98984733961632
-89.02145802668717
-89.06325674897978
-89.11544712699828
-89.17820561647471
-89.25167752537679
-89.33597644926338
-89.43118255157856
-89.53734058673442
-89.65445894172029
-89.78250839119143
-89.92142164438624
-90.07109374532206
-90.23138137690678
-90.40210296828175
-90.5830414447585
-90.77394350728984
-90.97452164694505
-91.18445609968055
-91.40339777590228
-91.63096950301431
-91.86676895968733
-92.11037176399594
-92.36133387806012
-92.61919406160663
-92.88347792706408
-93.15370005396491
-93.42936759882726
-93.709980982414
-93.9950392414284
-94.2840413147351
-94.57648778460602
-94.871883411009
-95.16973935345067
-95.46957445475607
-95.77091724859712
-96.0733053632102
-96.3762880090113
-96.67942653486678
-96.98229375517946
-97.28447532049711
-97.5855700283346
-97.88518748121176
-98.18295019615259
-98.47849216026871
-98.77145950640602
-99.06150732785444
-99.3483012248888
-99.63151616167887
-99.91083553980393
-100.18595079048478
-100.45656032686277
-100.72236887573914
-100.98308713236077
-101.23843092374666
-101.48812081636284
-101.73188150444433
-101.9694399290898
-102.20052697438396
-102.42487686576409
-102.64222562603187
-102.85231156833962
-103.05487559454453
-103.2496605788969
-103.43641153696394
-103.61487531299133
-103.78480124922791
-103.94594112737278
-104.09804934440405
-104.24088278138271
-104.37420165550566
-104.49777039027279
-104.61135745630656
-104.71473621634453
-104.80768640332904
-104.88999450522347
-104.96145585774246
-105.02187418617784
-105.07106599029274
-105.10885944080664
-105.13509895608935
-105.14964569988211
-105.15238204924061
-105.14321258130568
-105.12206877684932
-105.08891194693926
-105.04373785474577
-104.98658068496177
-104.91751750447396
-104.83667382486276
-104.7442256073411
-104.64040643327652
-104.52551195208775
-104.39990527995774
-104.26401886741488
-104.11836078888335
-103.9635162302408
-103.80015117251318
-103.62901420279991
-103.45093375752718
-103.26681867860123
-103.0776552509008
-102.88450272533494
-102.68848363565044
-102.49077753470429
-102.29260816895557
-102.0952309818063
-101.89991968149248
-101.70794869771566
-101.52057634238543
-101.3390245840346
-101.16446196493902
-100.99798445445003
-100.84059817164975
-100.69320310477342
-100.55657846800311
-100.4313697647823
-100.31808020988294
-100.21706452376525
-100.12852665257856
-100.05251999617352
-99.98895168426756
-99.93758873851367
-99.89806940012801
-99.86991583160618
-99.85254789490577
-99.84529963548556
-99.84743645044823
-99.85817005895088
-99.87667784460076
-99.90211474282836
-99.9336329943525
-99.97039381615558
-100.01157900512382
-100.05640107258068
-100.10411305370097
-100.15401468082382
-100.20545718770985
-100.25784776612572
-100.31064987172864
-100.36338554310605
-100.41563431281078
-100.46703256187172
-100.51727171130591
-100.56609629617589
-100.61329861541334
-100.65871900482034
-100.7022399930843
-100.74378449540656
-100.78331199830475
-100.8208156834291
-100.85631900553255
-100.88987142627806
-100.92154759957526
-100.951442560285
-100.97967112356044
-101.00636411455767
-101.03166634798765
-101.05573485200742
-101.07873573019327
-101.1008425182455
-101.1222344248136
-101.14309544380332
-101.16361099536847
-101.18396690835853
-101.20434514658304
-101.22492607906449
-101.24588500575544
-101.26739040345936
-101.28960269306636
-101.31267287342054
-101.33674102673675
-101.36193453492413
-101.3883673352376
-101.41613848402919
-101.44533036610589
-101.47600852174375
-101.50822172069162
-101.54200074740814
-101.5773577850476
-101.61428550373984
-101.65275810184383
-101.6927307782948
-101.7341405105893
-101.77690632299489
-101.82092971094877
-101.86609651208727
-101.91227541695623
-101.95932171569083
-102.0070775965413
-102.05537439271218
-102.10403370296795
-102.15286851510258
-102.20168540188637
-102.25028662964766
-102.29847288930276
-102.34604195555254
-102.39279365729281
-102.43853093881694
-102.48306118607688
-102.52619832690735
-102.56776414820905
-102.60758984528998
-102.64551799605219
-102.68140288485664
-102.7151116003607
-102.74652635075867
-102.77554514358728
-102.80208066075106
-102.82606302685096
-102.84743920475361
-102.86617376319366
-102.88224920825687
-102.89566590433222
-102.9064415109349
-102.91461139781829
-102.9202283953353
-102.92336264336232
-102.92410060182378
-102.9225446451664
-102.91881267520128
-102.9130369663564
-102.90536378753076
-102.89595271425445
-102.88497514191431
-102.8726141720485
-102.85906183937999
-102.84452000098824
-102.82919860020144
-102.81331439030846
-102.79708966538999
-102.78075113966243
-102.76452859463356
-102.74865406705463
-102.7333613145586
-102.71888302261048
-102.70544991789995
-102.69329016855495
-102.68262948636732
-102.67368740809253
-102.66667646911566
-102.66180250699304
-102.65926313254035
-102.65924678447816
-102.66193120718741
-102.66748265653912
-102.67605549920877
-102.68779131587782
-102.70281729629882
-102.72124654350273
-102.74317705216882
-102.76869107732833
-102.79785547355506
-102.83072013265142
-102.86731849750005
-102.90766588824845
-102.95176094078568
-102.99958550760914
-103.05110434827817
-103.10626566596498
-103.1650008607782
-103.22722459489644
-103.2928359600605
-103.36171806278327
-103.43373981598505
-103.50875640883308
-103.58660961180944
-103.66712933786819
-103.75013504392616
-103.8354349029117
-103.92282663391144
-104.01210020645478
-104.10303985970529
-104.19542284784715
-104.289022463192
-104.3836091785436
-104.47895052989143
-104.57481406601259
-104.6709673779977
-104.76717846496045
-104.86321875846521
-104.95886242508713
-105.05388862081521
-105.14808330714915
-105.24123772469184
-105.3331496738794
-105.42362607520114
-105.51248217511409
-105.59954288469179
-105.6846430087056
-105.76762808130867
-105.84835415113882
-105.92668818899507
-106.00250887254721
-106.07570687214317
-106.14618452718072
-106.2138568666485
-106.27864965660702
-106.34050139794822
-106.39936305685062
-106.45519805870828
-106.50798232218663
-106.55770392130444
-106.60436358082096
-106.6479741398502
-106.68855999051173
-106.72615797496152
-106.76081773004732
-106.79260054648005
-106.82158067324517
-106.84784436397466
-106.871488875432
-106.89262377688645
-106.91137085827084
-106.92786336268664
-106.9422464279153
-106.95467706612871
-106.96532123420856
-106.97435663119636
-106.98197116101775
-106.98836276208428
-106.99373585877096
-106.99830338471807
-107.00228505239996
-107.00590599806095
-107.00939523917472
-107.01298440623279
-107.01690514204138
-107.02138827103228
-107.02666163444202
-107.03294719390142
-107.04045932905751
-107.04940204780709
-107.05996722241666
-107.07233189947188
-107.08665561676585
-107.10307791218649
-107.12171705892364
-107.14266812725141
-107.16599974900579
-107.19175472992605
-107.21994787042793
-107.25056348413493
-107.28355843795698
-107.3188589163487
-107.35636350214737
-107.39594102384744
-107.43743407056697
-107.48066066441771
-107.5254140383866
-107.57146676929857
-107.61857343626706
-107.66647268664212
-107.7148897167084
-107.76354068009103
-107.81213600788894
-107.86038250336308
-107.90798710285894
-107.95466053060484
-108.0001196122041
-108.04409077822606
-108.08631299155216
-108.12653961216982
-108.16454229832189
-108.20010959634429
-108.23305119945258
-108.26319910602574
-108.29040868523867
-108.31455939890452
-108.33555442710797
-108.35332218273732
-108.36781610327921
-108.37901395001865
-108.38691754888504
-108.39155257296805
-108.39296681510015
-108.3912288938778
-108.38642787426036
-108.37867228311556
-108.36808929737734
-108.35482080443819
-108.33902410390994
-108.32086950854398
-108.300539551949
-108.27822632099642
-108.25413105011458
-108.2284629543684
-108.20143687360729
-108.17327127723273
-108.14418912398169
-108.11441414620947
-108.08417262777854
-108.05369134677044
-108.02319376479024
-107.99290273757941
-107.96303919224422
-107.93382071564604
-107.90546213228114
-107.87817425466503
-107.8521597062496
-107.82761774421542
-107.80474289508466
-107.78372163798743
-107.764736051854
-107.7479606008276
-107.73356258354798
-107.72170210537604
-107.71253119317812
-107.70619357867743
-107.7028260691761
-107.70255418765349
-107.70549435022674
-107.71175388428611
-107.72142989890173
-107.73460933802642
-107.75136906217158
-107.77177305783361
-107.7958735928884
-107.82371200869437
-107.85531690086698
-107.8907054796987
-107.9298814103644
-107.97283529941392
-108.01954548610631
-108.06997759097398
-108.12408602665708
-108.18181262084501
-108.24308615979815
-108.30782490458519
-108.37593600536894
-108.44731636571302
-108.5218531820205
-108.59942402661433
-108.67989882677547
-108.7631400384545
-108.8490037587318
-108.93734013820064
-109.02799482780249
-109.12080972865506
-109.2156238017505
-109.31227431145462
-109.41059736213398
-109.5104292219344
-109.61160696234232
-109.71396905690696
-109.81735601342727
-109.92161229943228
-110.02658560952511
-110.13212686108125
-110.23809139994167
-110.34433892261104
-110.45073457142956
-110.55714843611558
-110.66345630279793
-110.7695392809676
-110.87528256619996
-110.98057701876691
-111.08531863548195
-111.18940632930065
-111.29274403638918
-111.39523800000818
-111.49679807620895
-111.59733678427527
-111.69676874969142
-111.79500999360917
-111.89197699061218
-111.98758659367768
-112.08175563237293
-112.17440021161038
-112.26543509805296
-112.35477372672605
-112.44232776969072
-112.52800601752277
-112.61171525767806
-112.69335992543743
-112.77284000857547
-112.8500531278291
-112.92489470982112
-112.99725696021369
-113.06703081149384
-113.13410440673199
-113.1983646524245
-113.25969751649355
-113.31798853943756
-113.37312339195711
-113.42499028137605
-113.47347768999646
-113.51847816318899
-113.55988795170705
-113.59760817723443
-113.63154692334072
-113.66161989435464
-113.68775148656555
-113.7098762103374
-113.72794073582922
-113.74190192390817
-113.75173021245536
-113.75741135474375
-113.7589473139063
-113.7563545262055
-113.74966707801372
-113.73893733345237
-113.72423637702413
-113.70565218296902
-113.68329215644162
-113.657283622686
-113.62777064138818
-113.5949157808792
-113.55889981219417
-113.51992074795224
-113.47819000911258
-113.4339341623368
-113.38739279359034
-113.33881613955224
-113.28846409456281
-113.23660458716758
-113.18351129265733
-113.12946104675336
-113.07473122386762
-113.01959868419098
-112.96433801706374
-112.90921792298512
-112.8544991563739
-112.80043346555914
-112.74726220639641
-112.69521225445175
-112.6444970393789
-112.59531354006866
-112.54784280886113
-112.50224801539389
-112.45867251048107
-112.41724105508354
-112.37805960988247
-112.34121485691453
-112.30677532581373
-112.27479032923225
-112.24529115773004
-112.21829211684701
-112.19379111511827
-112.17177115390389
-112.15220123333468
-112.13503685921876
-112.12022178553563
-112.10768901148077
-112.0973618635227
-112.08915504873696
-112.08297395364033
-112.07871809596149
-112.07628046278
-112.07554784698841
-112.07640193991983
-112.07871969552257
-112.0823741056255
-112.08723367253157
-112.09316272657767
-112.10002195792813
-112.10766695831461
-112.1159492796187
-112.12471773843933
-112.13381434600997
-112.14307699852175
-112.15233858891794
-112.16142756361506
-112.17016669562354
-112.17837377849068
-112.18586263714963
