2.00484292e+11
-2.09571416e-17
-3.32242425e-19
-2.93068631e-20
-5.22829861e-21
-1.37249888e-21
-4.60077846e-22
-1.82574729e-22
-8.19796908e-23
-4.04538619e-23
-2.15055237e-23
-1.21423929e-23
-7.20551199e-24
-4.45830691e-24
-2.85843608e-24
-1.88976093e-24
-1.28317242e-24
-8.91981667e-25
-6.3307332e-25
-4.57723118e-25
-3.36493241e-25
-2.51113104e-25
-1.89965731e-25
-1.45501762e-25
-1.12717083e-25
-8.82342726e-26
-6.97358164e-26
-5.56071488e-26
-4.47075661e-26
-3.62206405e-26
-2.95549677e-26
-2.42773266e-26
-2.00670413e-26
-1.66844167e-26
-1.39486425e-26
-1.17221518e-26
-9.89943026e-27
-8.39892955e-27
-7.15716951e-27
-6.1243979e-27
-5.26136999e-27
-4.53693986e-27
-3.9262454e-27
-3.40933081e-27
-2.97009409e-27
-2.59547762e-27
-2.27484191e-27
-1.99947811e-27
-1.76222653e-27
-1.55717642e-27
-1.37942853e-27
-1.22490643e-27
-1.09020574e-27
-9.72473321e-28
-8.69309803e-28
-7.78690844e-28
-6.989031e-28
-6.28492038e-28
-5.66219222e-28
-5.11027217e-28
-4.62010677e-28
-4.18392418e-28
-3.79503577e-28
-3.44767094e-28
-3.13683921e-28
-2.85821482e-28
-2.60803977e-28
-2.38304223e-28
-2.18036765e-28
-1.99752047e-28
-1.83231461e-28
-1.68283146e-28
-1.54738399e-28
-1.4244861e-28
-1.31282638e-28
-1.21124559e-28
-1.1187173e-28
-1.03433119e-28
-9.57278642e-29
-8.86840255e-29
-8.22375069e-29
-7.63311154e-29
-7.09137458e-29
-6.59396688e-29
-6.13679099e-29
-5.71617066e-29
-5.32880325e-29
-4.97171805e-29
-4.64223961e-29
-4.33795545e-29
-4.05668774e-29
-3.79646812e-29
-3.55551561e-29
-3.33221699e-29
-3.1251094e-29
-2.93286497e-29
-2.75427707e-29
-2.58824817e-29
-2.43377899e-29
-2.2899588e-29
