0.0009305459492427322
0.0018610957276348156
0.0027916501344486255
0.0037222099690816628
0.004652776031067115
0.005583349120084498
0.006513930035970062
0.007444519578727764
0.008375118548539503
0.00930572774577599
0.010236347971007307
0.01116698002501358
0.012097624708795558
0.013028282823585419
0.01395895517085729
0.014889642552338067
0.01582034577001806
0.01675106562616177
0.01768180292331849
0.018612558464333108
0.019543333052356896
0.020474127490858224
0.021404942583633357
0.022335779134817334
