29.14698180693695
29.147064381917122
29.14715929640389
29.147266551352413
29.14738614785208
29.147518087126638
29.147662370534366
29.147818999568216
29.147987975855848
29.148169301159967
29.148362977378277
29.14856900654378
29.14878739082482
29.149018132525327
29.14926123408488
29.14951669807899
29.149784527219115
29.150064724352998
29.150357292464676
29.150662234674737
29.150979554240497
29.151309254556164
29.151651339153016
29.15200581169955
29.152372676001747
29.152751936003188
29.15314359578533
29.153547659567604
29.153964131707664
29.15439301670156
29.15483431918403
29.155288043928604
29.15575419584783
29.156232779993584
29.156723801557142
29.1572272658695
29.157743178401564
29.158271544764414
29.15881237070944
29.159365662128664
29.159931425054975
29.160509665662314
29.161100390265926
29.161703605322607
29.162319317431034
29.162947533331888
29.16358825990816
29.164241504185494
29.16490727333228
29.165585574660078
29.16627641562382
29.166979803822016
29.1676957469972
29.168424253036033
29.16916532996967
29.16991898597404
29.17068522937018
29.171464068624392
29.17225551234868
29.17305956930101
29.17387624838555
29.1747055586531
29.175547509301293
29.176402109674953
29.17726936926641
29.178149297715862
29.179041904811616
29.179947200490513
29.180865194838226
29.181795898089533
29.182739320628812
29.183695472990216
29.184664365858143
29.185646010067565
29.186640416604337
29.18764759660563
29.188667561360276
29.189700322309115
29.19074589104537
29.1918042793151
29.19287549901752
29.193959562205333
29.195056481085263
29.19616626801839
29.19728893552051
29.198424496262607
29.199572963071216
29.200734348928847
29.2019086669745
29.20309593050392
29.204296152970162
29.20550934798399
29.2067355293143
29.207974710888617
29.209226906793425
29.21049213127476
29.211770398738643
29.213061723751462
29.214366121040502
29.21568360549448
29.217014192163884
29.21835789626158
29.219714733163276
29.221084718407976
29.222467867698523
29.223864196902102
29.225273722050787
29.226696459341902
29.22813242513882
29.229581635971236
29.231044108535844
29.232519859696843
29.23400890648644
29.235511266105537
29.23702695592411
29.238555993481917
29.240098396489028
29.24165418282635
29.243223370546286
29.244805977873312
29.246402023204492
29.248011525110226
29.24963450233474
29.251270973796736
29.252920958590046
29.254584475984206
29.25626154542517
29.25795218653582
29.259656419116833
29.261374263147047
29.263105738784425
29.264850866366494
29.266609666411142
29.268382159617268
29.2701683668655
29.271968309218835
29.273782007923398
29.275609484409173
29.277450760290638
29.279305857367586
29.28117479762581
29.28305760323789
29.284954296563843
29.286864900152054
29.28878943673989
29.290727929254547
29.2926804008138
29.294646874726862
29.296627374495095
29.298621923812878
29.300630546568435
29.302653266844587
29.304690108919665
29.306741097268326
29.308806256562377
29.310885611671676
29.312979187665025
29.315087009810927
29.31720910357863
29.319345494638874
29.32149620886499
29.323661272333574
29.32584071132563
29.32803455232737
29.330242822031177
29.332465547336653
29.334702755351437
29.33695447339232
29.339220728986117
29.341501549870703
29.343796963996052
29.346106999525198
29.348431684835305
29.350771048518613
29.353125119383616
29.355493926456056
29.35787749897992
29.360275866418622
29.362689058456095
29.365117104997765
29.367560036171806
29.370017882330185
29.372490674049818
29.374978442133717
29.37748121761211
29.379999031743694
29.38253191601673
29.385079902150295
29.387643022095432
29.39022130803643
29.392814792391984
29.395423507816513
29.398047487201342
29.400686763676024
29.40334137060961
29.406011341611876
29.408696710534716
29.41139751147348
29.41411377876816
29.41684554700488
29.419592851017217
29.422355725887517
29.42513420694832
29.427928329783853
29.430738130231283
29.433563644382208
29.43640490858416
29.439261959441968
29.442134833819313
29.445023568840163
29.44792820189025
29.45084877061868
29.45378531293937
29.456737867032658
29.459706471346816
29.46269116459964
29.46569198578006
29.468708974149784
29.471742169244795
29.47479161087714
29.47785733913651
29.480939394391903
29.48403781729333
29.487152648773577
29.4902839300498
29.4934317026254
29.496596008291707
29.49977688912977
29.50297438751212
29.506188546104628
29.509419407868325
29.512667016061194
29.515931414240068
29.519212646262577
29.522510756288906
29.525825788783838
29.529157788518617
29.532506800572946
29.53587287033686
29.53925604351296
29.542656366118145
29.546073884485775
29.549508645267746
29.55296069543654
29.55643008228728
29.55991685343987
29.563421056841126
29.566942740766915
29.57048195382438
29.57403874495404
29.577613163432122
29.581205258872675
29.584815081229944
29.588442680800537
29.592088108225827
29.59575141449421
29.599432650943484
29.603131869263215
29.606849121497085
29.610584460045366
29.61433793766731
29.61810960748363
29.621899522979017
29.625707738004543
29.629534306780332
29.63337928389797
29.637242724323166
29.641124683398374
29.64502521684537
29.64894438076791
29.652882231654417
29.656838826380692
29.660814222212625
29.664808476808968
29.668821648224085
29.672853794910775
29.676904975723094
29.68097524991923
29.6850646771644
29.689173317533676
29.693301231515022
29.69744848001224
29.7016151243479
29.705801226266445
29.710006847937176
29.71423205195737
29.718476901355363
29.722741459593692
29.72702579057226
29.73132995863152
29.73565402855575
29.739998065576174
29.744362135374406
29.748746304085692
29.753150638302152
29.75757520507635
29.76202007192456
29.76648530683024
29.770970978247483
29.775477155104575
29.780003906807426
29.784551303243212
29.789119414783986
29.793708312290207
29.798318067114486
29.802948751105273
29.807600436610556
29.81227319648163
29.816967104076916
29.821682233265772
29.826418658432353
29.831176454479532
29.835955696832833
29.84075646144434
29.84557882479685
29.85042286390775
29.85528865633321
29.860176280172247
29.865085814070884
29.870017337226365
29.874970929391377
29.879946670878265
29.88494464256345
29.88996492589162
29.89500760288023
29.9000727561239
29.905160468798865
29.910270827359113
29.915403913535005
29.920559812275794
29.925738609130637
29.930940390253237
29.936165242406478
29.94141325296727
29.946684509931316
29.95197910191784
29.957297118174615
29.962638648582764
29.968003783661786
29.97339261457451
29.978805233132192
29.984241731799585
29.989702203700055
29.995186742620785
30.00069544301801
30.00622840002228
30.011785709443817
30.017367467777795
30.022973772209856
30.028604720621477
30.034260411595575
30.039940944421968
30.04564641910308
30.051376936359517
30.057132597635814
30.0629135051062
30.068719761680278
30.074551471009148
30.08040873749101
30.086291666277294
30.092200363278682
30.098134935171064
30.104095489401768
30.110082134195597
30.1160949785612
30.1221341322972
30.12819970599865
30.134291811063303
30.140410559698154
30.14655606492587
30.152728440591343
30.15892780136833
30.165154262766062
30.171407941136057
30.177688953678786
30.183997418450577
30.19033345437056
30.19669718122747
30.203088719686775
30.209508191297765
30.215955718500634
30.222431424633637
30.228935433940503
30.235467874210485
30.242028868948953
30.24861854516082
30.255237030786095
30.261884454707364
30.268560946757475
30.27526663772721
30.282001659373048
30.28876614442509
30.295560226594812
30.30238404058312
30.309237722088387
30.316121407814478
30.323035235479058
30.32997934382167
30.33695387261216
30.34395896265897
30.350994755817684
30.358061394999417
30.365159024179533
30.37228778840624
30.379447833809305
30.3866393076089
30.393862358124483
30.401117134783735
30.408403788131597
30.41572246983933
30.423073332713805
30.430456530706635
30.437872218923566
30.4453205536339
30.452801692279905
30.46031579348651
30.467863017070812
30.475443524051894
30.48305747666054
30.490705038349223
30.498386373802013
30.50610164894454
30.513851030954267
30.521634688270638
30.529452790605294
30.537305508952556
30.54519301559984
30.553115484138143
30.561073089472806
30.569066007834035
30.577094416787872
30.585158495246972
30.593258423481615
30.60139438313075
30.609566557213114
30.61777513013855
30.626020287719157
30.63430221718088
30.642621107174932
30.650977147924284
30.659370530834
30.667801448901002
30.67627009659437
30.684776669867247
30.69332136616892
30.701904384456927
30.71052592520933
30.719186190436965
30.727885383695856
30.736623710099753
30.745401376332694
30.75421859066174
30.763075562949634
30.77197250466782
30.780909628909303
30.78988715040181
30.798905285520753
30.807964252302753
30.81706427045872
30.82620556138747
30.835388348189145
30.844612855678907
30.853879310400636
30.86318794064068
30.872538976441888
30.88193264961749
30.89136919376524
30.900848844281644
30.91037183837612
30.91993841508551
30.929548815288413
30.939203281719916
30.948902058985983
30.958645393578475
30.96843353952015
30.978266741598745
30.988145252054068
30.998069325071583
31.00803921679749
31.018055185354143
31.028117490855266
31.038226395421468
31.04838216319573
31.05858506035902
31.06883535514601
31.07913331786078
31.089479220892684
31.09987333873229
31.11031594798738
31.120807327398932
31.131347757857387
31.14193752241875
31.15257690632094
31.163266197000066
31.17400568410689
31.184795659523235
31.1956364173786
31.206528254066637
31.217471468261802
31.22846636093615
31.239513235375867
31.250612397198243
31.26176415436833
31.272968817215915
31.28422669845229
31.295538113187277
31.306903378946053
31.318322815686194
31.32979674581462
31.34132549420459
31.352909388212677
31.364548757695758
31.376243935028043
31.387995255118057
31.399803055425537
31.41166767597848
31.42358945938998
31.435568750875166
31.447605898268012
31.459701252038133
31.4718551653076
31.484067993867484
31.49634009619459
31.508671833467876
31.521063569585
31.533515671178534
31.546028507632315
31.558602451097443
31.571237876508405
31.583935161598745
31.596694686916916
31.60951683584171
31.622401994597674
31.63535055227024
31.648362900820747
31.66143943510112
31.67458055286848
31.687786654799353
31.7010581445038
31.71439542853904
31.727798916422973
31.74126902064737
31.754806156690616
31.76841074861876
31.78208321346874
31.79582397472655
31.809633459939352
31.823512099699574
31.837460327655222
31.851478580519988
31.865567298082606
31.879726923215873
31.893957901885035
31.908260683155653
31.92263571920063
31.937083465307083
31.95160437988205
31.966198924457778
31.98086756369621
31.9956107653928
32.010429000479235
32.02532274302573
32.040292483739414
32.0553386897157
32.070461844447024
32.085662434563574
32.1009409498306
32.11629788314468
32.13173373052884
32.14724899112649
32.16284416719402
32.178519764092385
32.19427629027702
32.21011425728669
32.22603417973049
32.24203657527379
32.25812196462223
32.27429087150432
32.290543822652076
32.30688134778021
32.32330397956321
32.339812253610546
32.35640670843992
32.37308788544845
32.3898563288816
32.40671258579999
32.42365720604362
32.44069074219404
32.45781374953356
32.47502678600214
32.49233041215149
32.50972519109613
32.52721168846182
32.54479047233065
32.562462113183095
32.58022718383676
32.59808625938158
32.61603992733888
32.634088757007355
32.65223332986944
32.67047422938406
32.68881204090279
32.707247351581415
32.725780750287434
32.74441282750274
32.76314417522147
32.78197538684305
32.80090705705988
32.81993978173996
32.83907415780361
32.85831078309482
32.87765025624638
32.89709319709039
32.91664019778198
32.9362918473563
32.95604874492581
32.97591149083014
32.99588068525158
33.0159569280318
33.036140818481215
33.05643295517978
33.076833935769436
33.09734435673772
33.11796481319232
33.13869589862607
33.15953820467241
33.18049232085052
33.201558834300165
33.22273832950557
33.244031388008246
33.265438588108104
33.286960504552624
33.308597708213725
33.330350765751554
33.35222023926531
33.37420668593011
33.396310657619914
33.418532700515385
33.440873354697175
33.4633331537229
33.48591262418856
33.50861228527261
33.53143264826336
33.554374216067984
33.57743748270358
33.60062293276874
33.62393105405238
33.64736229766547
33.67091711658398
33.69459595204996
33.7183992329384
33.74232737510139
33.76638078068858
33.79055983744313
33.814864917972514
33.839296378993396
33.863854560549804
33.88853978520377
33.91335235719759
33.938292561586984
33.96336066334418
33.9885569064302
34.01388151283527
34.03933468158672
34.06491658772328
34.09062738123477
34.11646718596671
34.14243610061274
34.16853419121194
34.19476149623573
34.221118023256075
34.24760374765878
34.274218611315455
34.30096252121367
34.32783534804386
34.35483692474214
34.38196704498843
34.409225461658274
34.43661188522803
34.46412598213225
34.491767373072314
34.51953563127553
34.54743028070382
34.575450794211264
34.6035965916496
34.63186703792102
34.66026144097768
34.688779049767106
34.71741905212314
34.746180572601865
34.77506267026203
34.80406433639001
34.83318449216847
34.86242198628938
34.891775592510875
34.92124400715834
34.9508258465699
34.980519644486975
35.01032384939028
35.04023682178249
35.07025683141792
35.100382054481265
35.13061057071627
35.16094036050635
35.191369301909184
35.22189516764725
35.25251562205759
35.28322821800288
35.31403039374807
35.34491946980552
35.375892645753105
35.406946998394915
35.43807947445094
35.4692868914053
35.500565932908266
35.53191314553718
35.563324935565674
35.5947975657481
35.62632715212863
35.657909660883426
35.689540905206066
35.721216542246864
35.752932070117275
35.7846828249719
35.81646397818099
35.84827053360719
35.880097325001984
35.91193901353713
35.94379008548783
35.97564485008583
36.00749743756097
36.039341797390875
36.07117169677983
36.10298071938895
36.134762267946485
36.16650955277541
36.19821560214846
36.22987325870063
36.261475179780064
36.293013838203045
36.32448152344273
36.355870343280685
36.38717222595277
36.41837894292143
36.449482052031364
36.480472961165944
36.51134291281772
36.54208299350906
36.5726841266509
36.60313709191402
36.63343252821314
36.66356094174635
36.69351271484953
36.723278115694484
36.752847308859074
36.78221036679439
36.81135728221298
36.840277981418346
36.86896233859337
36.89740019106138
36.92558135552971
36.95349564532082
36.981132888590615
37.00848294752882
37.035535738528786
37.062281253308534
37.08870960189111
37.11481097295997
37.14057572000538
37.16599436519408
37.191057624689556
37.21575643463904
37.24008197774686
37.264025710343354
37.28757938984795
37.310735102514236
37.33348529133458
37.355822783970886
37.37774082056786
37.39923308129626
37.42029371346334
37.440917358020485
37.461099175290386
37.480834869730415
37.50012071354484
37.518953568955276
37.53733090893944
37.555250836248675
37.57271210052053
37.589714113308794
37.60625696086356
37.6223414145083
37.63796893847617
37.65314169508918
37.667862547187646
37.68213505774453
37.69596348663124
37.7093527845361
37.7223085840756
37.73483718817974
37.74694555587852
37.75864128566269
37.769932596642676
37.7808283077793
37.79133781551228
37.80147107016351
37.81123855154338
37.8206512442364
37.82972061308834
37.83845857945869
37.846877498837905
37.85499014045864
37.862809669551545
37.870349632908244
37.877623948416705
37.88464689922344
37.891433133155424
37.89799766799781
37.90435590317335
37.91052363830264
37.91651710584289
37.922352984193665
37.92804845911514
37.933621289752914
37.939089794512
37.94447298589276
37.9497906184085
37.95506326643058
37.9603124077552
37.96556051192039
37.970831132105076
37.97614899924663
37.98154011682053
37.987031854542906
37.992653039083656
37.998434039723435
38.004406846752005
38.010605140296896
38.017064347190285
38.02382168343829
38.030916179847026
38.038388688395294
38.04628186702283
38.05464014062981
38.063509636259084
38.07293809066135
38.08297473312493
38.09367012044383
38.105075966883064
38.117244925246645
38.13023034076505
38.14408597404291
38.158865694141014
38.1746231434061
38.19141137620928
38.20928247430088
38.22828714202331
38.24847428513384
38.269890577462974
38.29258002006115
38.316583497852875
38.341938339116425
38.36867788332481
38.39683106301582
38.42642200539621
38.457469659326
38.48998745316849
38.52398298873264
38.55945777617868
38.596407014310095
38.634819420145135
38.674677111054955
38.7159555420897
38.75862350039795
38.80264315789563
38.847970196989586
38.89455393684375
38.942337603380636
38.99125859676287
39.041248826008065
39.09223509310188
39.14413952284858
39.19688003848397
39.25037085697812
39.30452304182485
39.359245065264375
39.41444340181645
39.470023113980034
39.52588848313966
39.58194362188542
39.63809309151641
39.694242513796006
39.7502991720489
39.8061725969465
39.86177513260847
39.91702247894552
39.971834206471215
40.02613424011379
40.07985130885478
40.132919358304804
40.18527792359517
40.23687246021662
40.28765463066847
40.33758254499922
40.386620953522765
40.434741390185366
40.48192226524587
40.528148906116066
40.573413549794445
40.61771526421292
40.66105984171007
40.70345962068826
40.744933257220026
40.785505442557714
40.825206567196204
40.86407233253186
40.902143311593186
40.93946446079385
40.97608459446397
41.012055795614806
41.04743277496526
41.08227231277015
41.116632393637225
41.15057165861652
41.18414862056583
41.21742092014922
41.250444575267416
41.28327330306817
41.315957563301524
41.3485440470985
41.381074904118684
41.413587072704814
41.446111649557004
41.47867347229308
41.511290093174345
41.543971806188786
41.57672107961055
41.609532224926916
41.64239114141112
41.675275139616566
41.70815284607241
41.74098458082199
41.773721256682244
41.80630570052596
41.83867249531355
41.87074828886547
41.902452216622734
41.93369623193954
41.96438575221329
41.99442016408851
42.02369347837947
42.052094993264106
42.07951000666606
42.105820561927366
42.13090622043171
42.15464485505397
42.17691345862116
42.19758896195942
42.21654905655315
42.233673017335605
42.24884252164751
42.26194246092279
42.2728617421673
42.2814940767737
42.28773875464321
42.29150146054531
42.292694839037516
42.29123939010098
42.287064112428865
42.2801071837105
42.27031661886684
42.25765090496045
42.24207961123173
42.22358397234961
42.20215744252091
42.17780621758762
42.150549721667254
42.12042105748778
42.0874673997039
42.051750397920706
42.01334635130561
41.97234656401764
41.92885747212424
41.883000733670585
41.834913282447
41.784747097911755
41.732669187506865
41.67886182885466
41.623520249960436
41.56685408383064
41.509085986372526
41.45045090918969
41.39119515712771
41.33157533134739
41.2718571384784
41.212314068973534
41.15322595014205
41.09487738182704
41.037556065249795
40.9815510381135
40.927150831567644
40.87464156700875
40.82430501285759
40.77641662333027
40.73124358273768
40.68904287993997
40.65005943819105
40.614524325692116
40.58265307169818
40.55464411198271
40.530677385862404
40.51091310484651
40.495490710344775
40.48452803480789
40.478120677259014
40.47634160049659
40.47924095340526
40.486846729837616
40.49916320034301
40.51617322677406
40.53783833112046
40.564099561927094
40.59487852946387
40.630078590008125
40.66958615783591
40.71327212228243
40.760993346527506
40.812594224579314
40.86790827324401
40.926759736639404
40.98896518198647
41.05433521945671
41.122675577098875
41.193789022530865
41.267476518996624
41.34353860542801
41.42177656716453
41.50199353103993
41.583995467473066
41.66759202157379
41.752597322152866
41.83883062129999
41.92611684072634
42.01428701422946
42.10317867289152
42.19263597192404
42.28250997904503
42.3726587195262
42.46294719105329
42.55324731517045
42.643437833114525
42.73340415374
42.82303816102117
42.912237988304994
43.00090776610136
43.088957349747105
43.17630203278768
43.26286225139621
43.3485632846074
43.43333495459826
43.51711133070211
43.599830440314705
43.68143398933808
43.76186709432499
43.84107802803116
43.919017979662044
43.99564083071647
44.07090294698178
44.144762995693306
44.217181743870256
44.288121925758674
44.357548090474445
44.42542647358589
44.49172488299058
44.556413522307615
44.619462476974064
44.68084337534617
44.74052945453904
44.7984951002202
44.85471582634616
44.9091682605488
44.96183012251614
45.01268011001946
45.06169796163171
45.10886443647409
45.15416129533741
45.19757114739494
45.23907782493487
45.27866572623487
45.316320391712054
45.35202830501025
45.385776967818344
45.41755466554274
45.44735069785664
45.47515530108877
45.500959648245974
45.52475584961301
45.54653695395193
45.5662969503507
45.58403081236015
45.599734430708416
45.613404580817864
45.62503904754275
45.634636578301
45.64219689095652
45.64772101972624
45.65121031787061
45.65266747713255
45.652096230791564
45.64950129937076
45.64488847985348
45.63826464299752
45.62963775643867
45.619016910193636
45.60641234464715
45.59183548109796
45.575298954930645
45.556816651470605
45.53640374457038
45.514076770820346
45.489853574883654
45.463753455508126
45.435797182213356
45.406007047864264
45.374406924008014
45.34102231891903
45.30588070102307
45.26901077342181
45.230443328488
45.19021105753257
45.148348605102676
45.10489265550985
45.05988202497401
45.013357664033045
44.9653628056716
44.91594321993207
44.86514663023002
44.81302345844371
44.759626663455606
44.70501184044572
44.64923717177684
44.59236358681677
44.53445477018392
44.47557719663298
44.415800154932874
44.3551957589912
44.29383894440043
44.23180744852546
44.16918177222431
44.10604512129528
44.042483504386084
43.97858509342615
43.91444062769049
43.85014307868199
43.785787509493666
43.72147072451453
43.65729116125614
43.59334856999976
43.52974370941915
43.4665780132156
43.40395322910174
43.34197103206926
43.28073261450362
43.22033825635654
43.16088687923907
43.10247558894192
43.045199239899034
42.98914988610459
42.934416422324766
42.88108406132358
42.82923395154931
42.778942760847684
42.73028230822547
42.6833192363663
42.63811473188548
42.59472429991946
42.55319759908205
42.51357834208078
42.47590426637986
42.4402071782255
42.40651307213165
42.374842421945985
42.34521016596322
42.3176267570629
42.29209722279568
42.268622901201965
42.24720155639816
42.22782796174286
42.21049452140748
42.195191919077466
42.18190978139542
42.17063734285707
42.16136443857228
42.1540811102224
42.148779208649785
42.14545258398979
42.144097545794644
42.1447132415876
42.147301942450845
42.15186922582596
42.1584240475846
42.16697869757804
42.17754863525643
42.190152204517624
42.20481022964124
42.22154549692594
42.240382129405965
42.26134486470542
42.28445824861914
42.30974575931411
42.337228887032005
42.366926147895285
42.398852131565384
42.43301661604868
42.469423343553636
42.508069421350505
42.54894470382325
42.59203006081678
42.63729775145741
42.684710583948146
42.73422212085735
42.78577447444983
42.83930018892998
42.89472159923347
42.95195127656494
43.0108915460428
43.07143573847493
43.13346850474645
43.19686650848489
43.26149921827791
43.327229938276254
43.39391628759244
43.4614116586442
43.52956611938783
43.59822739103259
43.66724188012851
43.73645576737829
43.80571595987053
43.87487103061554
43.94377210309247
44.01227365525351
44.08023430575309
44.14751734886794
44.21399144091948
44.279531086871984
44.34401690237595
44.407336056699755
44.46938239795777
44.530056641417985
44.589266403811656
44.64692618358566
44.70295727534275
44.757287613046266
44.809851571604106
44.86058971179462
44.90944847940865
44.95637987744725
45.001341103175236
45.04429416343045
45.08520547254947
45.1240454383733
45.16078804142234
45.19541049281317
45.22789293393531
45.258217175328724
45.286367299672115
45.31232890692396
45.336088738099335
45.35763431752367
45.3769536159668
45.394034964232844
45.40886608342875
45.4214345031087
45.43172710236634
45.43972990762655
45.44542792277877
45.44880543965142
45.4498445981133
45.44852666503199
45.444831564216855
45.438737895379944
45.43022299674058
45.41926354709794
45.405834240432604
45.38990947515123
45.37146311883453
45.35046882226311
45.326900390442326
45.30073233298586
45.27193999359097
45.24050046537301
45.206393086818736
45.1696001226087
45.13010750831116
45.08790608986904
45.04299119543001
44.99536545113723
44.945037549004915
44.89202505363952
44.8363549127099
44.778064434941086
44.71720251277941
44.65383070422628
44.588024720762974
44.51987432313924
44.44948556170122
44.3769811515248
44.30250146938073
44.22620519442055
44.148269862918625
44.06889214860354
43.98828810717267
43.90669282458545
43.824360194020535
43.741562123015186
43.65858761906141
43.57574094304375
43.49334036375132
43.41171560778135
43.33120562375275
43.25215565040357
43.174914015445964
43.099828687965704
43.02724355130018
42.957494490033575
42.890905347943125
42.827784539851294
42.76841884770448
42.71307186544522
42.66197868271582
42.6153432370791
42.573334917578705
42.536085892823316
42.50368895387703
42.476195929818275
42.453616720242216
42.435919045088546
42.42302856724628
42.41483009765027
42.411169147531446
42.4118542320226
42.41665938013819
42.425327632224345
42.43757460416383
42.45309246058817
42.47155412603093
42.49261764617714
42.5159306124395
42.54113456669528
42.56786930881
42.59577703716974
42.62450626139325
42.653715436250195
42.68307627612401
42.712276719712335
42.741023524688046
42.76904448144215
42.796090369489846
42.821936031689006
42.84638183828912
42.86925467647066
42.89040721572221
42.90971914834106
42.9270966282178
42.94247183502046
42.955802309850114
42.967070088143736
42.97628065463765
42.98346174389655
42.98866211219311
42.991949782163445
42.99341081680731
42.993147602306436
42.99127717430658
42.98792949849701
42.983245719064605
42.97737638779852
42.970479896015135
42.96272007076917
42.954265048229225
42.94528533560392
42.935952114036766
42.92643560413347
42.91690348475153
42.90751938659828
42.89844146958397
42.88982109460277
42.881801690098065
42.87451737204429
42.86809222721138
42.862639366127844
42.8582606138326
42.85504469473665
42.85306806717682
42.852394109977496
42.85307308592249
42.85514230009623
42.85862583308616
42.86353484513175
42.869868188470036
42.877613315926354
42.88674555747442
42.8972300893375
42.90902220007172
42.92206820200368
42.93630628287888
42.95166742035669
42.96807631828205
42.98545235141916
43.00371050601323
43.022762304426855
43.042516703144074
43.0628818965057
43.0837633081414
43.10506718926709
43.12670076032699
43.14857174764807
43.170590097771004
43.19266793592527
43.21472028169779
43.2366655947616
43.25842531105456
43.27992488250332
43.30109371999861
43.32186533898193
43.34217745372934
43.361972533922184
43.38119630326198
43.39979956303527
43.41773675523358
43.43496627217908
43.451450698818014
43.46715642568392
43.48205349727881
43.4961154961043
43.50931923177655
43.52164470683912
43.53307489392829
43.54359556108346
43.55319510069027
43.561864364055936
43.569596503309086
43.57638691596732
43.582232823469596
43.587134137846675
43.59109110849882
43.59410635948161
43.59618422646825
43.59733023831441
43.59755155166164
43.59685737320551
43.59525662321034
43.592760325441105
43.58938074821755
43.58513138678182
43.58002695411415
43.57408337934616
43.56731781286766
43.55974863718
43.55139556789332
43.5422794169833
43.5324223709622
43.52184792928698
43.51058092873326
43.49864756732453
43.486075426759605
43.47289349229073
43.45913242549995
43.4448244970737
43.43000282621231
43.414701629670205
43.39895700903276
43.38280651873299
43.366289133887726
43.349445118114545
43.33231643009063
43.314945571315846
43.297376581529925
43.2796546049174
43.26182600635186
43.243937644238144
43.226037786280955
43.20817455383613
43.19039699979124
43.172754775611914
43.1552973042311
43.138074275520474
43.12113524494049
43.104529782592465
43.08830627114279
43.072512776909335
43.05719632658124
43.04240293157503
43.02817718848056
43.014562208663264
43.001600405019424
42.98933020179924
42.977788999723025
42.96701199555239
42.95703251039767
42.947880057959765
42.93958133160523
42.93216063428215
42.92563926424905
42.920035421432615
42.91536413269237
42.9116374010221
42.908863558508244
42.90704786444186
42.90619230826735
42.906295744448414
42.90735362345372
42.909358372455955
42.912299379892794
42.91616310094664
42.92093318011111
42.92659058953431
42.9331137816821
42.940478854740114
42.9486598400888
42.957628555231025
42.96735512967976
42.977808093086104
42.98895573420912
43.00076291040517
43.01319450315582
43.02621512080071
43.039787913465304
43.05387608222433
43.068442632389505
43.0834505569251
43.09886301168224
43.11464348148838
43.130756111501576
43.14716532828769
43.1638364972388
43.180735927828664
43.19783083650385
43.215089551818565
43.23248160817864
43.24997787279518
43.267550391561606
43.285173269638484
43.302820808332996
43.320469369700334
43.33809706014569
43.3556829171657
43.373207740495786
43.39065380982431
43.4080048721488
43.425246122276384
43.442364460637044
43.459347611548864
43.47618499108461
43.492867222511705
43.50938625262189
43.52573659713526
43.54191125058154
43.55790567678311
43.573716510141466
43.58934135439019
43.60477855014268
43.620027676243154
43.635088811460136
43.64996299968778
43.664652022119185
43.679158343628096
43.69348506025494
43.70763592461281
43.72161578008105
43.73542860184583
43.74908067028544
43.76257634190563
43.775921783477145
43.789123050350625
43.80218638994639
43.815119010896126
43.827927422992836
43.8406184790265
43.853199327097016
43.865677229631885
43.878059532007775
43.89035415741749
43.902567975105164
43.914708401607115
43.92678283662212
43.938798644128475
43.950763185084206
43.96268365128575
43.97456722905448
43.98642128683562
43.998252441906274
44.0100675276814
44.021873248388594
44.03367623608249
44.04548304220538
44.05729973919217
44.06913243752762
44.080987084469264
44.09286945968406
44.1047851715668
44.11673965418722
44.12873864802936
44.14078674845355
44.15288885379005
44.16504977818102
44.177273959962754
44.18956597908697
44.201929780152
44.21436935265621
44.22688924310735
44.23949234324461
44.252182105271686
44.26496179736177
44.27783453095411
44.29080321322418
44.303870586228015
44.31703929674978
44.33031167709597
44.34368996380423
44.357176485991026
44.37077300753448
44.384481154975035
44.398302511575906
44.41223885701391
44.42629110526729
44.440460369977025
44.454747612072
44.469153641649534
44.48367915358102
44.49832464661737
44.51309101058865
44.52797792966041
44.542985486975574
44.55811396823384
44.573362835414265
44.588731756119365
44.604220576039864
44.61982838039929
44.63555546575607
44.651399935649664
44.66736079711735
44.68343716075631
44.6996275494493
44.71593059240018
44.732344795943725
44.74886854510402
44.765500105173615
44.78223764877456
44.79907930654449
44.816022876278126
44.83306677103255
44.850208064158075
44.867444337686116
44.884773100194565
44.902191699089684
44.91969738696022
44.937287327697376
44.954958585962004
44.97270826876003
44.99053310982112
45.00842989016423
45.02639554274053
45.04442643081876
45.06251907468088
45.08066991317336
45.09887532545628
45.11713157727058
45.135435511367184
45.153782637245975
45.17216903048693
45.190590703084986
45.209043606475575
45.22752433307567
45.24602815437642
45.26455072725453
45.283087828411965
45.30163517677271
45.320189055228596
45.33874436717802
45.35729679153584
45.37584174207066
45.39437479724425
45.412891344775296
45.43138675757299
45.449856405531875
45.4682966642078
45.486701887341745
45.505067298253316
45.52338803793782
45.541659179477705
45.55987580875101
45.578032895526086
45.59612534842313
45.61414798172354
45.63209550505077
45.64996249906595
45.667743407240856
45.685432513376284
45.703023919834266
45.72051178348039
45.73788950826932
45.75515076247503
45.772288387544044
45.789295162638204
45.80616349960352
45.822885401819725
45.839452419950796
45.85585560456773
45.872085455641
45.88813203057611
45.90398440274305
45.919631086590634
45.93506011317601
45.95025806584398
45.96521103845394
45.97990395252194
45.99432067416134
46.00844403368981
46.02225560114224
46.03573572581584
46.0488633640078
46.06161659922418
46.07397098647624
46.085901082053226
46.09737976676884
46.10837873554449
46.11886706881447
46.12881254104231
46.138181227061295
46.146937274135944
46.15504302685838
46.16245908136638
46.16914427558817
46.17505574200089
46.180149032614686
46.184378074654866
46.18769544796495
46.19005253302529
46.19139978761209
46.1916865381363
46.19086209652884
46.188874905168205
46.18567389300131
46.181208558230836
46.17542943254529
46.16828859843023
46.159740261149075
46.14974137643614
46.13825233427556
46.12523769833802
46.11066699969882
46.09451558236021
46.07676549683977
46.05740643666233
46.03643671100897
46.013865044200486
45.98970919489627
45.96399937800786
45.93677853027462
45.90810313928697
45.87804434369122
45.84668875705951
45.81413954355742
45.78051623212834
45.7459561149803
45.71061433315157
45.67466414003432
45.63829661400885
45.60172062534492
45.565162541786535
45.5288643716289
45.49308363589216
45.45809174018245
45.424171728535455
45.39161691344224
45.36072724218683
45.33180773400532
45.30516507718787
45.28110439676813
45.25992587993272
45.24192113033482
45.22736945384633
45.2165343661356
45.2096599152778
45.20696790916669
45.20865254869993
45.21487954214734
45.22578276851507
45.24146205404475
45.26198190398754
45.287368798710965
45.31761194946729
45.352662844382806
45.392435198438804
45.43680635252382
45.48561870997073
45.53868171571891
45.59577431165419
45.65664794239463
45.721029230921026
45.78862388160387
45.85912010727615
45.932192320000105
46.00750484949905
46.084715619926804
46.16347972120638
46.24345281815043
46.324294348611495
46.40567057621047
46.48725730198687
46.56874145456405
46.649824270949544
46.73022223503716
46.80966880225568
46.88791635539348
46.964734315311766
47.03991228287855
47.11325941730685
47.18460445716572
47.25379573570397
47.32070045216299
47.38520449023274
47.44721089382116
47.506640271171094
47.56342964139122
47.61753108581694
47.668911262538444
47.717551300055895
47.76344281682327
47.8065899681486
47.847007494809176
47.88472002134569
47.91976052370055
47.95217008664956
47.981996887864106
48.00929626289856
48.034127671608935
48.056557052143404
48.07665283758664
48.09448815887874
48.110139340295646
48.123685404781405
48.135207619929
48.144789111325984
48.152514395683305
48.158469121045634
48.16273972201999
48.165413169529295
48.166576596284735
48.166317171071995
48.16472186480973
48.16187761058561
48.15787016547867
48.152784459640124
48.146705499460516
48.139715744741814
48.13189722436724
48.123330714268505
48.11409561423609
48.104269755769515
48.093929294647744
48.08314883653097
48.072001216325525
48.0605576012252
48.04888706229993
48.03705708347732
48.02513279761466
48.01317759546279
48.00125272221854
47.98941754002512
47.977729167781746
47.96624348623404
47.95501282236496
47.94408826067083
47.93351880521099
47.92335141926436
47.913630751414324
47.904399705603716
47.89569915402621
47.887568071029094
47.880043540849826
47.87316080164727
47.86695329278466
47.86145301415101
47.856689648958564
47.85269154802371
47.8494854737219
47.847096654827986
47.84554884096584
47.844864355999526
47.845064149695084
47.84616784698338
47.84819379416267
47.85115910139416
47.85507968086608
47.859970484740955
47.865844919042765
47.8727154790071
47.88059355993547
47.88948946563921
47.899412409705114
47.91037050933681
47.92237112662904
47.93541978692479
47.94952120505569
47.964678898863696
47.980895145511894
47.998170930939516
48.01650589293662
48.03589825842539
48.0563447756417
48.07784064201351
48.10037974295857
48.12395364694507
48.14855255484479
48.17416456914564
48.20077599971692
48.228371060247184
48.25693219703626
48.286439296720545
48.31687001746286
48.34819982115465
48.380402459872634
48.41344850534112
48.44730617425188
48.481941289176724
48.51731739339144
48.553395615152475
48.59013467384682
48.62749108196427
48.66541868211776
48.703869169105886
48.7427920370544
48.782134639750964
48.82184228172387
48.86185837114803
48.90212445799482
48.942580283810386
48.983164091164156
49.02381269121766
49.06446190950982
49.10504585963972
49.14549799278038
49.185750972570865
49.22573684962431
49.265387239670325
49.30463350448139
49.34340693477
49.38163893429252
49.419261204449796
49.456206051639136
49.492406611330935
49.527796171982935
49.56230979948983
49.59588308545877
49.62845334820749
49.65995964588465
49.69034254151106
49.719544392021746
49.747509758763584
49.77418573303285
49.79952117332645
49.82346778062385
49.845979999554444
49.86701503384638
49.88653321034699
49.90449771714317
49.92087515659134
49.93563553336462
49.94875238750854
49.960202923938205
49.96996815491522
49.9780329712127
49.984386350089615
49.98902132841542
49.991935230602756
49.993129727790475
49.992610930320254
49.990389504418204
49.98648069276897
49.980904348822065
49.973685434603816
49.96485296743302
49.95444110050142
49.94248878117299
49.929039776562156
49.914142552709585
49.8978503258314
49.88022096403794
49.86131689839461
49.84120501000954
49.81995663294973
49.79764741094798
49.77435619759951
49.75016603015506
49.72516343930706
49.6994382131616
49.67308298586692
49.64619302247543
